id_time,n_flows,n_packets,n_bytes,sum_n_dest_asn,average_n_dest_asn,std_n_dest_asn,sum_n_dest_ports,average_n_dest_ports,std_n_dest_ports,sum_n_dest_ip,average_n_dest_ip,std_n_dest_ip,tcp_udp_ratio_packets,tcp_udp_ratio_bytes,dir_ratio_packets,dir_ratio_bytes,avg_duration,avg_ttl
0,706,960,43353,404,4.16,1.75,415,4.28,2.05,630,6.49,3.4,0.3,0.3,0.37,0.36,2.82,160.54
1,1660,2294,93927,620,4.46,1.64,508,3.65,1.91,1556,11.19,4.56,0.12,0.13,0.45,0.44,7.15,161.07
2,856,1164,55010,469,4.04,1.99,496,4.28,2.42,778,6.71,4.16,0.24,0.23,0.4,0.41,2.43,149.74
3,1745,2552,143876,737,5.26,1.91,670,4.79,2.25,1609,11.49,4.66,0.17,0.17,0.42,0.41,4.6,159.94
4,2248,2942,124894,779,5.49,1.7,701,4.94,1.87,1928,13.58,5.11,0.21,0.23,0.41,0.4,4.09,166.81
5,1579,2065,88385,662,4.8,1.88,563,4.08,1.99,1433,10.38,5.03,0.2,0.21,0.4,0.39,4.1,161.36
6,2363,3557,199076,765,5.31,1.89,640,4.44,2.35,2218,15.4,6.19,0.13,0.14,0.43,0.42,6.05,165.87
7,2519,3563,173025,707,4.91,1.63,596,4.14,2.12,2369,16.45,6.94,0.11,0.11,0.43,0.42,7.16,162.99
8,2005,2632,117533,615,4.3,1.57,621,4.34,1.94,1786,12.49,5.69,0.21,0.22,0.39,0.38,5.42,171.74
9,1692,2170,91143,581,4.18,1.28,652,4.69,1.58,1377,9.91,4.23,0.34,0.33,0.33,0.34,3.86,190.94
10,3199,5769,589396,736,5.11,1.57,628,4.36,1.86,2854,19.82,5.46,0.15,0.16,0.43,0.42,5.62,176.19
11,3359,4392,171670,820,5.69,1.74,632,4.39,1.77,2976,20.67,6.07,0.15,0.16,0.42,0.41,4.83,176.61
12,2981,4038,157390,690,4.79,1.59,518,3.6,1.68,2680,18.61,5.02,0.14,0.15,0.43,0.43,5.83,177.59
13,3100,4152,159255,585,4.06,1.48,475,3.3,2.15,2946,20.46,6.33,0.06,0.07,0.47,0.46,6.2,168.87
14,2343,3093,120700,607,4.4,1.54,446,3.23,1.52,2229,16.15,5.48,0.08,0.09,0.45,0.44,5.32,163.97
15,825,1089,51027,350,3.65,1.64,365,3.8,2.02,739,7.7,6.16,0.22,0.19,0.4,0.4,3.13,140.54
16,1515,1926,87504,579,4.2,1.8,626,4.54,2.73,1391,10.08,7.14,0.2,0.19,0.4,0.4,3.62,156.57
17,3285,4522,204543,752,5.22,1.68,653,4.53,1.95,3075,21.35,6.18,0.08,0.08,0.46,0.45,5.89,163.97
18,3531,4898,214128,702,4.88,1.78,609,4.23,2.11,3316,23.03,7.17,0.07,0.08,0.47,0.46,6.94,165.02
19,1947,2641,107384,626,4.38,1.53,563,3.94,2.92,1779,12.44,4.84,0.14,0.16,0.43,0.41,4.63,169.36
20,1906,2691,107882,681,5.01,1.81,556,4.09,2.21,1773,13.04,5.15,0.13,0.14,0.42,0.41,5.76,170.7
21,1740,2437,105317,687,4.87,1.84,564,4.0,1.95,1583,11.23,4.94,0.16,0.17,0.42,0.41,4.31,164.43
22,1501,2199,125217,641,4.61,1.75,626,4.5,2.53,1336,9.61,4.71,0.17,0.17,0.41,0.4,3.52,157.55
23,3156,4330,173584,756,5.25,1.51,636,4.42,2.18,2967,20.6,6.21,0.08,0.08,0.45,0.45,6.49,164.84
24,2146,4564,568410,735,5.14,1.86,596,4.17,2.28,2016,14.1,5.23,0.09,0.1,0.48,0.48,5.23,163.56
25,2161,3204,210610,694,4.85,1.75,644,4.5,2.83,1974,13.8,5.88,0.11,0.12,0.44,0.43,4.5,162.25
26,2208,2940,113912,680,4.72,2.98,493,3.42,1.71,2082,14.46,7.18,0.11,0.12,0.43,0.42,4.9,167.18
27,2468,3249,127377,645,4.48,1.57,596,4.14,2.33,2281,15.84,6.2,0.13,0.14,0.43,0.42,4.6,167.03
28,2929,4088,161762,731,5.08,1.68,566,3.93,2.23,2756,19.14,8.5,0.07,0.08,0.47,0.46,6.06,159.46
29,2759,3921,191916,747,5.19,1.68,643,4.47,2.21,2619,18.19,6.53,0.11,0.12,0.46,0.44,6.12,160.98
30,1820,2444,103676,589,4.24,1.67,580,4.17,2.44,1701,12.24,5.74,0.13,0.14,0.42,0.41,4.6,155.12
31,792,1479,166006,403,3.66,1.73,445,4.05,2.34,724,6.58,3.75,0.22,0.22,0.37,0.36,4.59,154.48
32,1535,2254,96336,597,4.33,1.67,558,4.04,2.1,1416,10.26,5.28,0.17,0.17,0.42,0.41,4.52,155.75
33,1553,2224,87832,575,4.46,1.83,498,3.86,1.55,1432,11.1,5.15,0.17,0.19,0.42,0.41,6.88,168.56
34,1917,2399,92068,527,3.76,1.57,488,3.49,1.67,1812,12.94,5.36,0.15,0.16,0.43,0.42,5.16,162.54
35,1858,2425,103907,518,3.7,1.45,530,3.79,1.87,1679,11.99,5.27,0.15,0.16,0.42,0.41,5.03,164.71
36,2355,2959,123358,607,4.3,2.08,605,4.29,2.8,1644,11.66,6.47,0.35,0.36,0.33,0.32,3.51,183.81
37,2763,3438,140827,668,4.67,2.05,662,4.63,1.92,2047,14.31,5.64,0.31,0.32,0.35,0.34,3.7,181.72
38,2918,3629,146275,652,4.56,1.85,641,4.48,1.99,2394,16.74,6.12,0.22,0.23,0.4,0.39,4.1,170.9
39,3275,4082,159955,690,4.79,1.73,613,4.26,1.86,2549,17.7,7.67,0.25,0.27,0.38,0.37,3.74,178.64
40,3380,4119,160842,680,4.76,1.68,595,4.16,1.96,2527,17.67,6.74,0.26,0.27,0.35,0.35,3.83,185.76
41,3530,4364,169826,670,4.69,1.86,610,4.27,1.94,2779,19.43,8.15,0.23,0.25,0.39,0.38,4.16,175.04
42,2178,2628,105183,623,4.51,1.5,582,4.22,1.68,1604,11.62,5.92,0.33,0.34,0.33,0.33,2.75,179.96
43,1656,2151,90685,530,3.81,1.5,539,3.88,1.7,1541,11.09,5.87,0.17,0.18,0.4,0.39,4.06,157.59
44,618,851,43270,370,3.66,1.61,437,4.33,2.48,523,5.18,2.58,0.29,0.27,0.35,0.35,1.43,143.15
45,2069,2864,115703,652,4.53,1.75,578,4.01,1.98,1935,13.44,6.09,0.13,0.14,0.43,0.42,4.24,166.29
46,1347,1868,80157,539,3.99,1.52,531,3.93,3.12,1224,9.07,4.28,0.16,0.16,0.42,0.41,4.13,155.44
47,2319,2844,111290,476,3.33,1.41,449,3.14,1.49,2168,15.16,6.27,0.1,0.11,0.45,0.44,4.35,158.1
48,2039,2576,99495,594,4.4,1.48,533,3.95,1.54,1671,12.38,5.77,0.3,0.32,0.35,0.34,4.34,188.72
49,1089,1420,64408,487,4.06,1.53,482,4.02,1.67,874,7.28,3.29,0.31,0.31,0.37,0.37,2.75,168.2
50,1407,1829,77477,582,4.48,1.6,557,4.28,2.22,1245,9.58,4.71,0.25,0.24,0.37,0.37,3.34,168.31
51,1918,2518,106843,617,4.35,1.87,666,4.69,2.48,1772,12.48,6.22,0.17,0.17,0.41,0.4,3.71,156.84
52,2130,2790,116692,665,4.72,2.16,643,4.56,2.14,1943,13.78,7.14,0.19,0.2,0.39,0.38,3.51,163.03
53,1685,2040,88620,567,4.2,1.57,666,4.93,5.24,1456,10.79,5.02,0.24,0.25,0.38,0.37,3.14,161.99
54,2192,2691,106835,638,4.73,1.83,635,4.7,2.12,1965,14.56,6.96,0.22,0.24,0.38,0.37,3.92,171.73
55,1776,2186,88096,631,4.67,1.62,591,4.38,1.75,1525,11.3,6.08,0.28,0.29,0.35,0.34,3.16,177.69
56,2216,2711,108076,658,4.8,1.74,625,4.56,1.92,1962,14.32,6.19,0.22,0.23,0.39,0.38,3.06,170.25
57,1149,1460,62805,531,4.58,1.82,546,4.71,2.08,935,8.06,3.98,0.35,0.34,0.31,0.31,2.76,175.77
58,1695,2232,96630,633,4.59,1.83,592,4.29,1.86,1484,10.75,5.17,0.22,0.23,0.38,0.37,2.95,171.59
59,2039,2640,107028,569,4.04,1.53,498,3.53,1.61,1816,12.88,6.01,0.17,0.18,0.42,0.41,3.94,169.57
60,1439,1767,78817,522,3.98,1.75,601,4.59,5.46,1180,9.01,4.31,0.24,0.25,0.37,0.36,3.09,160.45
61,2860,3617,141791,689,4.78,1.65,593,4.12,1.64,2444,16.97,6.76,0.22,0.23,0.39,0.38,5.19,177.5
62,1797,2303,93408,579,4.14,1.76,522,3.73,1.91,1667,11.91,6.01,0.18,0.2,0.42,0.41,4.88,158.31
63,1478,1858,78038,514,3.84,1.51,550,4.1,2.0,1254,9.36,5.32,0.28,0.28,0.36,0.36,2.74,171.04
64,979,1269,54901,496,4.31,1.59,517,4.5,1.84,796,6.92,3.26,0.38,0.37,0.33,0.33,3.18,169.47
65,2037,2685,112043,569,3.95,1.72,578,4.01,2.03,1916,13.31,6.66,0.13,0.14,0.44,0.43,4.61,155.6
66,1656,2249,90912,531,3.88,1.54,497,3.63,2.03,1539,11.23,6.6,0.14,0.15,0.44,0.44,5.84,152.55
67,2447,3271,131536,633,4.4,1.86,561,3.9,2.11,2287,15.88,7.11,0.09,0.1,0.44,0.43,5.04,160.27
68,2729,3521,136369,649,4.54,1.65,632,4.42,2.0,2566,17.94,8.36,0.15,0.16,0.43,0.41,5.13,164.93
69,1445,1827,72530,512,3.85,1.53,466,3.5,1.61,1358,10.21,4.6,0.19,0.21,0.39,0.38,5.31,168.46
70,2623,3624,145432,616,4.4,1.84,585,4.18,2.06,2439,17.42,7.66,0.11,0.11,0.42,0.41,5.89,162.85
71,1545,2017,107651,517,3.98,1.56,799,6.15,7.66,1182,9.09,4.01,0.2,0.2,0.38,0.38,3.87,151.37
72,1053,1425,60658,446,3.69,1.69,446,3.69,1.97,944,7.8,5.27,0.21,0.2,0.41,0.41,3.67,156.28
73,1688,2132,87119,592,4.42,1.76,599,4.47,1.87,1546,11.54,5.38,0.22,0.23,0.4,0.39,4.64,162.34
74,1344,1817,71549,500,4.2,1.58,456,3.83,1.69,1260,10.59,6.98,0.24,0.26,0.38,0.37,4.46,169.55
75,1262,1695,73580,510,4.11,1.55,538,4.34,2.69,1111,8.96,4.82,0.23,0.23,0.38,0.38,4.04,166.09
76,2479,3311,125218,578,4.04,1.91,515,3.6,2.23,2320,16.22,8.53,0.13,0.15,0.44,0.43,6.31,164.6
77,2325,3165,122859,605,4.35,1.78,552,3.97,1.82,2176,15.65,7.12,0.17,0.19,0.4,0.39,5.63,167.65
78,2667,3417,130651,672,4.67,1.69,593,4.12,1.81,2487,17.27,7.45,0.16,0.18,0.42,0.4,5.58,168.85
79,1936,2522,96050,545,4.01,1.53,495,3.64,1.69,1833,13.48,6.94,0.19,0.21,0.42,0.41,4.27,169.88
80,2382,3161,124023,522,3.65,1.73,514,3.59,1.97,2254,15.76,8.32,0.12,0.13,0.42,0.41,5.13,165.41
81,1231,1686,66073,393,3.25,1.52,379,3.13,1.57,1170,9.67,8.01,0.17,0.19,0.42,0.4,6.09,166.49
82,1918,2498,98158,488,3.49,1.46,492,3.51,1.66,1795,12.82,7.38,0.17,0.19,0.41,0.39,5.06,164.1
83,2266,2843,109266,502,3.51,1.6,477,3.34,2.12,2136,14.94,6.8,0.12,0.14,0.44,0.43,5.17,162.96
84,2005,2749,111365,540,3.88,1.95,512,3.68,2.07,1864,13.41,6.28,0.17,0.18,0.42,0.41,5.72,167.7
85,1729,2273,90544,513,3.69,1.26,506,3.64,1.45,1558,11.21,4.76,0.21,0.22,0.38,0.37,4.62,176.93
86,605,906,39021,271,3.57,1.53,262,3.45,1.59,515,6.78,4.08,0.29,0.29,0.36,0.35,3.94,173.98
87,1143,1477,61080,469,3.81,1.58,455,3.7,1.92,979,7.96,4.17,0.3,0.31,0.37,0.36,3.08,172.29
88,1499,2074,86416,538,4.01,1.6,512,3.82,1.99,1326,9.9,5.08,0.24,0.25,0.37,0.36,4.48,174.88
89,732,917,37003,337,3.66,1.3,342,3.72,1.37,639,6.95,3.95,0.39,0.4,0.34,0.33,4.52,174.58
90,1189,1517,61454,485,3.67,1.73,476,3.61,1.97,1131,8.57,3.96,0.25,0.27,0.38,0.36,5.6,167.37
91,1209,1636,67974,459,3.64,1.59,477,3.79,2.1,1121,8.9,4.56,0.21,0.23,0.42,0.4,4.79,158.12
92,602,928,40238,345,3.71,1.68,358,3.85,1.91,542,5.83,3.11,0.39,0.39,0.34,0.33,5.19,172.17
93,1000,1470,64056,486,4.15,1.64,516,4.41,2.13,883,7.55,3.41,0.42,0.42,0.31,0.3,4.81,173.07
94,1016,1470,62639,490,3.83,1.57,471,3.68,1.69,930,7.27,3.51,0.33,0.34,0.34,0.34,4.76,167.8
95,1749,2544,102769,550,3.99,1.58,577,4.18,1.81,1589,11.51,6.37,0.31,0.33,0.35,0.34,5.02,169.38
96,1852,2604,103819,606,4.3,1.7,605,4.29,1.86,1676,11.89,5.31,0.32,0.34,0.36,0.35,4.93,171.26
97,1583,2209,89182,549,4.1,1.55,541,4.04,1.89,1434,10.7,4.95,0.33,0.34,0.35,0.33,3.98,171.27
98,1866,2702,108910,543,3.85,1.5,530,3.76,1.61,1752,12.43,5.89,0.21,0.23,0.39,0.38,5.36,168.92
99,1965,2772,113113,540,3.88,1.41,499,3.59,1.5,1841,13.24,7.53,0.19,0.2,0.41,0.4,5.06,169.53
100,1252,1699,70633,501,3.82,1.65,465,3.55,1.76,1166,8.9,5.13,0.18,0.19,0.42,0.41,5.98,159.09
101,1760,2449,98157,539,4.02,1.75,498,3.72,1.95,1609,12.01,7.75,0.17,0.18,0.42,0.41,5.83,162.2
102,1083,1397,57846,439,3.72,1.33,519,4.4,1.86,966,8.19,3.56,0.35,0.36,0.34,0.33,4.06,175.0
103,1013,1351,54635,424,4.16,1.33,504,4.94,1.8,870,8.53,3.63,0.48,0.5,0.28,0.26,5.11,195.61
104,877,1148,46561,383,3.79,1.33,496,4.91,1.64,750,7.43,3.6,0.49,0.52,0.28,0.27,5.07,200.87
105,1244,1661,69781,475,3.57,1.49,519,3.9,2.12,1137,8.55,4.54,0.26,0.27,0.39,0.38,4.72,170.7
106,1931,2739,109359,583,4.13,1.71,537,3.81,2.09,1779,12.62,7.1,0.14,0.15,0.41,0.4,7.33,167.42
107,2128,3052,119362,536,3.97,1.45,543,4.02,2.33,1920,14.22,7.04,0.17,0.19,0.43,0.42,6.4,165.16
108,2107,3244,127337,674,4.78,1.85,578,4.1,1.9,1941,13.77,7.57,0.23,0.24,0.4,0.39,7.43,169.96
109,1993,2883,113112,631,4.38,1.79,575,3.99,2.32,1827,12.69,7.78,0.25,0.26,0.36,0.35,6.28,175.92
110,2581,3707,144239,670,4.72,1.6,621,4.37,1.82,2325,16.37,7.51,0.17,0.18,0.41,0.39,7.42,175.56
111,2084,2996,117494,612,4.37,1.62,523,3.74,1.84,1896,13.54,8.44,0.16,0.18,0.43,0.41,7.11,167.78
112,2143,3174,129069,626,4.44,1.69,550,3.9,1.99,1939,13.75,6.16,0.17,0.17,0.41,0.4,7.11,167.29
113,1468,2263,90640,488,3.78,1.65,425,3.29,1.67,1352,10.48,6.93,0.23,0.24,0.4,0.39,8.0,166.26
114,938,1359,55253,419,3.61,1.64,390,3.36,1.82,869,7.49,4.2,0.29,0.3,0.36,0.35,6.47,156.66
115,1806,2611,102561,448,3.15,1.38,441,3.11,2.27,1669,11.75,6.82,0.1,0.11,0.46,0.45,7.98,158.98
116,824,1104,45416,323,3.11,1.53,288,2.77,1.96,759,7.3,4.15,0.14,0.15,0.43,0.42,7.38,150.34
117,1479,2085,80959,390,2.87,1.39,360,2.65,1.44,1392,10.24,5.52,0.11,0.12,0.47,0.46,9.76,156.58
118,749,1015,40827,284,2.63,1.26,283,2.62,1.45,723,6.69,3.91,0.19,0.21,0.43,0.42,8.13,155.62
119,1588,2161,86630,474,3.41,1.52,410,2.95,1.46,1502,10.81,4.89,0.12,0.14,0.44,0.43,9.16,158.46
120,1231,1743,71007,458,3.34,1.57,382,2.79,1.5,1165,8.5,5.47,0.13,0.14,0.44,0.44,8.92,158.13
121,1310,1819,75403,445,3.32,1.52,394,2.94,1.51,1234,9.21,4.77,0.11,0.12,0.44,0.42,8.66,151.7
122,1760,2296,92969,585,4.24,1.75,491,3.56,1.87,1632,11.83,5.85,0.15,0.15,0.44,0.43,8.03,155.24
123,1562,2187,86605,455,3.32,1.68,406,2.96,1.62,1454,10.61,5.7,0.11,0.12,0.47,0.46,9.16,150.5
124,1299,1668,66581,439,3.28,1.45,364,2.72,1.54,1216,9.07,4.39,0.13,0.15,0.45,0.43,7.44,153.49
125,1340,1726,69796,485,3.62,1.37,403,3.01,1.52,1186,8.85,4.31,0.19,0.21,0.41,0.41,7.07,166.24
126,2311,4673,232925,612,4.31,1.49,898,6.32,9.03,1772,12.48,9.6,0.22,0.22,0.4,0.4,5.9,170.32
127,1539,2388,110127,538,3.93,1.32,543,3.96,3.42,1301,9.5,4.98,0.24,0.24,0.37,0.35,5.84,172.93
128,2181,3085,135006,551,3.91,1.36,578,4.1,4.95,1919,13.61,5.83,0.15,0.16,0.42,0.41,6.21,166.02
129,808,1201,51974,348,2.9,1.25,341,2.84,1.37,761,6.34,3.47,0.13,0.14,0.46,0.45,7.33,151.08
130,1345,1808,73243,399,2.87,1.19,387,2.78,1.3,1270,9.14,3.91,0.13,0.15,0.46,0.44,7.23,159.12
131,842,1110,44642,352,3.01,1.28,345,2.95,1.34,798,6.82,3.81,0.21,0.22,0.43,0.42,6.89,158.18
132,1778,2386,92670,469,3.37,1.64,394,2.83,1.55,1671,12.02,5.24,0.11,0.12,0.46,0.44,7.62,159.36
133,1718,2420,101629,447,3.15,1.39,465,3.27,2.95,1537,10.82,5.48,0.1,0.1,0.46,0.46,8.71,153.21
134,1338,1980,82888,457,3.39,1.55,392,2.9,1.51,1260,9.33,5.37,0.09,0.1,0.47,0.46,8.53,154.37
135,987,1447,63532,382,2.96,1.24,364,2.82,1.66,928,7.19,4.06,0.12,0.12,0.45,0.44,8.25,150.99
136,1291,1820,79087,448,3.32,1.29,431,3.19,1.71,1202,8.9,4.7,0.12,0.13,0.42,0.41,6.21,157.05
137,1616,2208,89411,506,3.72,1.6,467,3.43,1.95,1497,11.01,5.86,0.14,0.15,0.45,0.44,6.91,158.66
138,2000,3332,169896,434,3.5,1.54,1318,10.63,12.39,1036,8.35,4.76,0.14,0.15,0.42,0.41,5.6,157.32
139,3838,5922,288898,562,3.9,1.61,2125,14.76,16.25,2038,14.15,7.13,0.06,0.06,0.48,0.48,5.97,147.78
140,2726,4828,263484,504,3.71,1.65,2088,15.35,12.37,1041,7.65,3.5,0.08,0.08,0.47,0.47,4.32,135.83
141,1662,2374,104919,526,3.81,1.59,609,4.41,5.59,1418,10.28,5.31,0.12,0.13,0.44,0.43,6.25,162.83
142,1017,1415,60954,480,3.97,1.59,431,3.56,1.7,947,7.83,3.96,0.2,0.2,0.39,0.38,6.7,160.46
143,710,1168,55320,394,3.49,1.54,386,3.42,1.67,665,5.88,2.67,0.18,0.17,0.42,0.41,6.22,154.33
144,630,895,40372,323,3.33,1.43,309,3.19,1.51,584,6.02,3.99,0.19,0.17,0.43,0.43,5.35,138.81
145,1590,2178,84672,420,2.94,1.34,401,2.8,1.72,1494,10.45,5.22,0.11,0.12,0.45,0.45,8.91,165.94
146,773,1057,44144,335,3.07,1.33,336,3.08,1.63,719,6.6,3.81,0.21,0.22,0.41,0.4,7.27,152.95
147,1321,1863,85333,500,3.76,1.7,555,4.17,3.74,1148,8.63,4.34,0.14,0.15,0.43,0.42,6.98,156.13
148,1289,1913,83504,465,3.47,1.58,450,3.36,2.07,1189,8.87,4.52,0.11,0.11,0.44,0.44,8.6,161.17
149,1624,2217,91397,510,3.62,1.59,468,3.32,1.81,1542,10.94,4.72,0.11,0.12,0.44,0.43,7.46,156.84
150,942,1380,60375,425,3.6,1.66,353,2.99,1.55,890,7.54,4.87,0.19,0.19,0.41,0.4,6.37,162.05
151,1622,2446,97770,514,3.78,1.73,443,3.26,1.7,1517,11.15,6.11,0.12,0.13,0.43,0.42,8.66,166.65
152,702,1056,45432,353,3.46,1.57,329,3.23,1.53,658,6.45,3.67,0.27,0.28,0.39,0.38,8.07,153.67
153,2004,2844,111868,579,4.08,1.64,469,3.3,1.96,1858,13.08,6.0,0.1,0.11,0.45,0.44,10.34,164.39
154,1729,2468,102561,466,3.28,1.51,450,3.17,2.22,1613,11.36,5.9,0.08,0.09,0.46,0.45,9.51,152.94
155,1535,2232,95003,511,3.65,1.77,492,3.51,2.25,1422,10.16,4.92,0.11,0.12,0.44,0.42,8.28,162.88
156,1467,2054,83493,562,4.29,1.65,581,4.44,2.18,1384,10.56,5.56,0.22,0.23,0.4,0.38,6.61,174.45
157,1708,2433,98971,564,3.97,1.61,518,3.65,2.08,1589,11.19,5.28,0.12,0.13,0.43,0.42,7.09,162.64
158,1868,2614,105390,581,4.15,1.64,627,4.48,2.28,1763,12.59,6.22,0.17,0.19,0.42,0.41,6.84,167.77
159,1228,1762,71943,428,3.17,1.52,450,3.33,2.0,1159,8.59,5.03,0.2,0.22,0.42,0.4,7.53,171.25
160,1141,1721,72431,516,3.77,1.61,524,3.82,2.15,1044,7.62,3.6,0.21,0.23,0.41,0.39,8.82,172.45
161,1709,2475,105730,537,3.78,1.63,571,4.02,2.04,1614,11.37,4.91,0.16,0.17,0.42,0.4,8.5,169.76
162,2277,3460,152017,645,4.54,2.02,717,5.05,4.28,2018,14.21,7.08,0.15,0.15,0.43,0.42,7.48,163.54
163,2542,3166,128145,688,4.81,1.89,672,4.7,2.13,1801,12.59,6.09,0.35,0.36,0.33,0.32,5.32,186.7
164,2137,2614,109680,663,4.95,1.59,683,5.1,2.12,1357,10.13,4.62,0.48,0.48,0.26,0.26,4.14,198.85
165,2585,3184,134216,698,4.99,1.43,717,5.12,1.76,1678,11.99,4.73,0.43,0.43,0.29,0.29,5.08,195.38
166,1831,2347,96409,655,4.85,1.38,638,4.73,1.64,1389,10.29,3.78,0.36,0.38,0.32,0.3,5.27,193.28
167,1283,1637,66740,501,3.91,1.33,528,4.12,1.6,1089,8.51,3.58,0.34,0.37,0.36,0.34,5.74,183.05
168,1787,2871,125468,573,4.09,1.63,656,4.69,3.41,1515,10.82,6.11,0.19,0.21,0.39,0.37,6.24,173.66
169,1698,2442,109659,578,4.07,1.76,545,3.84,2.12,1568,11.04,5.59,0.15,0.16,0.43,0.42,6.88,159.59
170,1541,2212,94245,589,4.18,1.67,563,3.99,2.1,1431,10.15,4.43,0.16,0.17,0.42,0.4,6.76,159.0
171,1345,1786,76999,519,3.79,1.66,578,4.22,2.22,1246,9.09,3.75,0.25,0.27,0.39,0.38,6.11,164.16
172,1768,2390,95350,552,3.94,1.54,504,3.6,1.75,1640,11.71,4.63,0.17,0.19,0.43,0.41,7.97,169.08
173,1797,2332,95608,570,4.1,1.49,672,4.83,1.56,1478,10.63,4.52,0.33,0.36,0.35,0.33,5.15,190.49
174,1676,2244,90547,547,4.06,1.4,595,4.41,1.64,1441,10.68,4.41,0.24,0.26,0.4,0.38,7.5,174.93
175,1479,1957,82297,597,4.29,1.68,586,4.22,1.9,1391,10.01,4.62,0.22,0.24,0.4,0.38,7.14,156.86
176,1639,2373,99169,594,4.15,1.72,473,3.31,1.72,1558,10.9,5.1,0.11,0.12,0.43,0.42,8.22,165.62
177,1773,2529,107995,622,4.47,1.58,578,4.16,2.08,1653,11.89,5.33,0.14,0.15,0.42,0.41,8.34,158.7
178,1475,2060,87347,549,3.92,1.43,531,3.79,1.65,1387,9.91,4.61,0.15,0.17,0.43,0.41,7.78,156.22
179,1642,2190,90242,593,4.27,1.67,552,3.97,1.86,1555,11.19,5.16,0.15,0.16,0.43,0.41,7.76,158.39
180,1388,1852,74733,508,3.91,1.64,494,3.8,1.78,1310,10.08,5.77,0.22,0.23,0.39,0.37,4.23,171.65
181,1710,2202,85615,450,3.17,1.47,448,3.15,1.6,1639,11.54,5.76,0.13,0.15,0.45,0.44,5.59,161.3
182,1271,1637,68257,465,3.42,1.58,422,3.1,1.6,1204,8.85,5.65,0.12,0.13,0.44,0.42,4.26,155.61
183,1137,1414,63481,505,3.88,1.52,576,4.43,2.06,1006,7.74,4.1,0.29,0.29,0.37,0.36,2.39,163.32
184,1185,1528,65691,524,4.09,1.54,538,4.2,1.96,1041,8.13,3.66,0.3,0.31,0.34,0.33,3.05,177.92
185,1694,2158,88337,537,3.84,1.61,554,3.96,2.02,1554,11.1,5.16,0.17,0.18,0.42,0.4,4.27,162.25
186,1962,2534,103302,639,4.53,1.67,638,4.52,1.87,1828,12.96,5.74,0.21,0.22,0.39,0.38,3.87,170.21
187,1907,2501,98422,591,4.19,1.44,514,3.65,1.63,1817,12.89,5.89,0.15,0.17,0.43,0.41,5.37,166.99
188,1520,1966,88119,564,4.41,1.82,529,4.13,2.01,1425,11.13,5.82,0.2,0.21,0.39,0.37,3.95,159.35
189,1798,2384,98579,542,3.79,1.53,466,3.26,1.81,1728,12.08,5.57,0.11,0.12,0.41,0.39,5.39,163.23
190,1513,2124,88147,544,3.89,1.67,512,3.66,2.05,1416,10.11,4.81,0.13,0.14,0.43,0.42,4.8,159.81
191,1199,1655,72364,520,4.13,1.54,538,4.27,1.98,1113,8.83,4.22,0.24,0.24,0.38,0.37,4.38,164.61
192,1723,2314,100210,550,3.96,1.56,634,4.56,2.25,1585,11.4,5.74,0.18,0.19,0.39,0.38,6.58,164.07
193,552,746,39376,298,3.1,1.39,348,3.62,2.01,490,5.1,2.72,0.23,0.23,0.39,0.37,4.65,128.13
194,2402,3323,136761,726,5.15,1.74,664,4.71,2.13,2171,15.4,6.66,0.15,0.17,0.42,0.4,7.58,165.25
195,2247,3057,120149,686,4.97,1.6,645,4.67,2.39,2060,14.93,6.3,0.19,0.21,0.4,0.38,7.46,173.4
196,2300,3264,131029,649,4.54,1.88,599,4.19,2.13,2143,14.99,6.23,0.14,0.16,0.43,0.42,8.22,163.37
197,2262,3136,126006,615,4.33,1.74,627,4.42,2.04,2115,14.89,7.59,0.13,0.14,0.45,0.44,8.44,158.77
198,1982,2729,111378,505,3.56,1.47,558,3.93,2.08,1820,12.82,6.8,0.16,0.17,0.41,0.39,8.53,161.3
199,1680,2320,99564,512,3.71,1.55,489,3.54,1.76,1570,11.38,4.72,0.13,0.15,0.43,0.41,7.6,156.46
200,1211,1662,67476,452,4.04,1.6,494,4.41,1.93,1091,9.74,4.99,0.26,0.28,0.34,0.33,6.08,184.15
201,1945,2629,105016,550,4.04,1.61,521,3.83,1.76,1769,13.01,6.41,0.21,0.22,0.37,0.35,7.69,173.98
202,2052,2850,110201,485,3.42,1.34,425,2.99,1.43,1920,13.52,6.85,0.11,0.13,0.44,0.41,8.32,166.13
203,1761,2451,101793,458,3.25,1.57,452,3.21,2.27,1628,11.55,6.04,0.09,0.1,0.43,0.41,8.46,161.77
204,1214,1735,78461,398,2.99,1.26,448,3.37,2.15,1079,8.11,4.47,0.14,0.15,0.43,0.42,6.12,152.8
205,1377,1857,79342,485,3.51,1.52,428,3.1,1.57,1308,9.48,4.41,0.15,0.16,0.41,0.4,7.42,160.02
206,1094,1486,74786,380,3.02,1.22,484,3.84,2.36,931,7.39,3.54,0.15,0.15,0.43,0.43,6.6,139.65
207,1168,1560,72713,468,3.57,1.56,486,3.71,2.31,1003,7.66,3.59,0.17,0.17,0.44,0.42,7.49,142.84
208,1392,1714,72665,430,3.14,1.43,438,3.2,2.14,1213,8.85,4.36,0.18,0.19,0.45,0.43,8.72,148.37
209,1364,1746,77679,420,3.23,1.36,422,3.25,1.99,1223,9.41,5.43,0.15,0.15,0.46,0.46,8.76,145.34
210,1294,1881,90969,481,3.62,1.59,496,3.73,2.44,1144,8.6,4.69,0.14,0.14,0.43,0.42,6.87,140.42
211,1802,2543,111638,543,3.88,1.56,525,3.75,2.17,1643,11.74,5.6,0.13,0.14,0.42,0.42,7.78,149.55
212,1998,2739,116699,539,3.96,1.82,456,3.35,1.72,1890,13.9,7.07,0.13,0.14,0.41,0.41,7.92,155.74
213,1458,1976,92655,516,3.77,1.61,491,3.58,1.76,1336,9.75,5.26,0.16,0.17,0.39,0.38,6.17,151.51
214,1714,2365,105296,552,3.86,1.55,521,3.64,1.77,1584,11.08,4.31,0.14,0.14,0.4,0.4,6.79,151.83
215,1833,2609,110639,439,3.23,1.36,417,3.07,1.35,1700,12.5,5.36,0.14,0.15,0.43,0.43,9.46,153.97
216,2209,3136,133222,553,3.92,1.66,486,3.45,2.24,2043,14.49,6.85,0.1,0.11,0.44,0.43,8.18,158.34
217,1774,2560,111284,559,3.99,1.62,507,3.62,2.06,1641,11.72,6.31,0.14,0.14,0.42,0.41,6.43,148.5
218,1326,1851,86528,515,3.87,1.38,543,4.08,2.67,1171,8.8,3.89,0.18,0.18,0.4,0.39,5.85,148.29
219,1116,1757,82060,432,3.48,1.43,450,3.63,3.01,960,7.74,4.7,0.17,0.17,0.4,0.41,7.16,142.82
220,1419,2061,94645,449,3.48,1.6,516,4.0,2.6,1272,9.86,6.48,0.15,0.15,0.43,0.43,6.66,144.79
221,2373,3354,144166,572,4.03,1.83,533,3.75,2.45,2175,15.32,7.54,0.12,0.13,0.45,0.44,7.18,153.86
222,1447,1915,87169,510,3.89,1.72,489,3.73,2.01,1336,10.2,5.66,0.19,0.19,0.42,0.41,6.47,143.85
223,1883,2685,115283,560,4.0,1.82,485,3.46,1.72,1748,12.49,6.09,0.15,0.16,0.41,0.4,8.85,154.06
224,1643,2367,106515,452,3.28,1.39,484,3.51,2.28,1493,10.82,5.54,0.14,0.14,0.41,0.4,7.61,156.6
225,1413,2067,86859,425,3.12,1.43,377,2.77,1.8,1323,9.73,4.81,0.1,0.11,0.39,0.38,8.94,164.45
226,958,1435,55349,304,2.9,1.31,222,2.11,1.12,928,8.84,6.29,0.11,0.13,0.36,0.35,9.38,182.22
227,714,1100,42695,259,2.44,1.25,181,1.71,0.89,692,6.53,4.33,0.07,0.08,0.41,0.4,11.75,175.91
228,824,1132,44647,293,2.79,1.28,259,2.47,1.21,758,7.22,3.97,0.17,0.19,0.31,0.3,8.16,187.45
229,730,987,45022,308,3.46,1.09,257,2.89,1.06,622,6.99,2.91,0.28,0.29,0.32,0.31,6.03,185.86
230,907,1264,48869,353,3.36,1.35,282,2.69,1.1,844,8.04,3.79,0.17,0.2,0.34,0.33,8.44,188.21
231,1025,1490,57571,344,2.97,1.13,253,2.18,1.05,980,8.45,3.9,0.1,0.12,0.38,0.37,9.64,179.91
232,689,969,38394,267,2.9,1.4,188,2.04,1.12,665,7.23,4.15,0.14,0.15,0.38,0.36,8.2,172.76
233,689,1007,39375,281,2.84,1.09,208,2.1,0.97,667,6.74,3.65,0.13,0.14,0.37,0.36,7.51,177.04
234,748,1115,44027,287,2.81,1.39,209,2.05,1.05,726,7.12,3.75,0.11,0.13,0.38,0.35,8.6,175.19
235,426,577,24220,212,2.9,1.27,174,2.38,1.39,404,5.53,2.54,0.17,0.18,0.34,0.32,9.35,160.02
236,518,684,28676,206,2.82,1.35,173,2.37,1.17,500,6.85,3.24,0.15,0.16,0.28,0.27,8.52,180.63
237,906,1333,67809,338,3.02,1.23,250,2.23,1.24,882,7.88,3.73,0.12,0.14,0.37,0.36,6.02,160.81
238,922,1323,51461,339,3.11,1.31,241,2.21,1.18,890,8.17,3.8,0.11,0.13,0.36,0.34,9.81,173.35
239,1091,1522,60015,371,3.31,1.55,308,2.75,1.58,1047,9.35,4.91,0.13,0.15,0.34,0.32,7.92,182.43
240,1002,1450,59368,384,3.73,1.37,343,3.33,1.36,906,8.8,3.85,0.22,0.24,0.31,0.29,8.39,180.46
241,985,1285,51316,400,3.77,1.29,355,3.35,1.3,877,8.27,4.06,0.27,0.3,0.29,0.28,6.82,187.96
242,846,1227,57644,407,3.48,1.45,383,3.27,1.43,808,6.91,3.4,0.17,0.17,0.39,0.38,4.62,156.12
243,715,1008,49134,317,2.76,1.3,353,3.07,1.79,662,5.76,2.83,0.2,0.19,0.41,0.41,6.17,153.68
244,733,1021,56410,395,3.32,1.5,405,3.4,2.46,662,5.56,2.82,0.22,0.2,0.41,0.42,4.32,148.89
245,513,747,40839,335,3.32,1.41,336,3.33,1.61,481,4.76,2.46,0.22,0.2,0.4,0.41,3.41,134.93
246,629,906,44952,327,3.0,1.33,302,2.77,1.42,604,5.54,2.96,0.16,0.16,0.43,0.41,6.55,136.67
247,523,709,37092,287,2.9,1.35,290,2.93,1.64,490,4.95,2.42,0.19,0.17,0.44,0.46,3.33,134.22
248,429,556,32638,277,2.98,1.41,312,3.35,1.69,413,4.44,2.13,0.29,0.26,0.36,0.38,1.45,132.39
249,396,549,30474,280,3.15,1.49,312,3.51,1.6,379,4.26,2.09,0.3,0.27,0.37,0.39,3.01,134.61
250,359,461,27625,234,3.0,1.27,256,3.28,1.52,344,4.41,1.96,0.3,0.24,0.4,0.42,1.77,117.57
251,387,495,29080,248,2.88,1.34,273,3.17,1.55,371,4.31,2.35,0.31,0.26,0.38,0.4,3.02,131.38
252,400,568,34315,252,2.65,1.15,283,2.98,1.49,373,3.93,1.88,0.24,0.19,0.42,0.44,4.08,114.98
253,297,420,23347,217,2.61,1.27,238,2.87,1.3,276,3.33,1.7,0.29,0.24,0.42,0.46,3.1,127.49
254,228,308,16532,150,2.63,1.28,166,2.91,1.5,218,3.82,2.1,0.29,0.26,0.4,0.42,6.54,131.18
255,490,667,35829,327,3.59,1.44,351,3.86,1.77,452,4.97,2.34,0.3,0.26,0.37,0.39,4.84,142.78
256,496,680,38497,317,3.27,1.47,335,3.45,1.73,460,4.74,2.24,0.29,0.26,0.38,0.39,5.73,143.55
257,404,551,28796,245,3.1,1.27,256,3.24,1.62,379,4.8,2.28,0.27,0.25,0.39,0.4,4.79,140.58
258,592,845,43647,296,2.87,1.41,302,2.93,1.5,559,5.43,2.85,0.22,0.2,0.42,0.44,12.2,136.09
259,458,670,35264,292,3.24,1.43,314,3.49,1.74,427,4.74,2.39,0.27,0.25,0.39,0.39,7.93,122.1
260,495,706,41927,328,3.28,1.45,357,3.57,1.83,456,4.56,2.25,0.27,0.23,0.4,0.4,4.55,112.69
261,804,1398,97669,369,3.65,1.6,439,4.35,2.23,702,6.95,4.36,0.27,0.21,0.37,0.39,2.5,107.8
262,677,910,47983,397,3.85,1.56,446,4.33,2.19,613,5.95,2.76,0.36,0.34,0.33,0.34,4.41,145.84
263,602,839,46213,336,3.69,1.54,376,4.13,1.73,480,5.27,2.66,0.36,0.33,0.32,0.33,5.47,160.66
264,477,710,40205,285,3.35,1.57,309,3.64,2.15,426,5.01,2.52,0.31,0.28,0.37,0.39,5.46,142.11
265,686,910,52393,317,3.6,1.46,453,5.15,7.92,511,5.81,2.97,0.28,0.24,0.38,0.41,6.89,136.44
266,375,536,31691,243,2.89,1.29,264,3.14,1.61,360,4.29,2.0,0.28,0.24,0.37,0.4,5.37,118.62
267,602,868,46146,371,3.37,1.54,358,3.25,1.78,559,5.08,2.79,0.22,0.2,0.43,0.44,10.07,121.3
268,437,601,32168,285,3.1,1.36,293,3.18,1.65,411,4.47,2.05,0.27,0.25,0.36,0.37,5.09,132.61
269,413,584,31099,265,3.35,1.4,276,3.49,1.56,391,4.95,2.11,0.3,0.26,0.36,0.39,8.09,143.19
270,271,366,20932,177,2.85,1.08,207,3.34,1.44,248,4.0,1.69,0.36,0.32,0.4,0.42,3.75,131.82
271,416,612,33723,274,3.22,1.32,293,3.45,1.79,368,4.33,1.77,0.3,0.25,0.37,0.39,7.56,140.95
272,391,506,25287,231,3.25,1.3,274,3.86,1.68,302,4.25,1.83,0.45,0.43,0.32,0.34,4.01,166.8
273,377,521,29597,248,3.14,1.38,284,3.59,1.52,321,4.06,1.86,0.33,0.28,0.37,0.39,3.42,138.46
274,402,554,31174,284,3.02,1.3,296,3.15,1.53,378,4.02,2.14,0.3,0.26,0.42,0.44,5.34,122.04
275,453,603,30849,282,3.32,1.4,290,3.41,1.67,415,4.88,2.38,0.29,0.27,0.38,0.4,6.06,136.94
276,359,513,29910,239,2.99,1.5,296,3.7,2.02,323,4.04,2.01,0.3,0.26,0.38,0.4,3.74,127.09
277,580,786,42601,338,3.28,1.38,374,3.63,1.5,529,5.14,2.22,0.31,0.3,0.34,0.35,7.17,132.26
278,567,783,42634,335,3.68,1.57,336,3.69,1.79,525,5.77,2.75,0.31,0.26,0.34,0.37,6.52,136.18
279,626,894,49391,349,3.88,1.73,404,4.49,2.37,554,6.16,3.03,0.32,0.29,0.35,0.37,5.68,127.4
