id_time,n_flows,n_packets,n_bytes,sum_n_dest_asn,average_n_dest_asn,std_n_dest_asn,sum_n_dest_ports,average_n_dest_ports,std_n_dest_ports,sum_n_dest_ip,average_n_dest_ip,std_n_dest_ip,tcp_udp_ratio_packets,tcp_udp_ratio_bytes,dir_ratio_packets,dir_ratio_bytes,avg_duration,avg_ttl
0,79,461,133605,73,3.65,1.35,77,3.85,1.6,77,3.85,1.46,0.98,0.99,0.51,0.46,4.21,159.23
1,69,1898,1309503,60,2.73,1.2,58,2.64,1.26,65,2.95,1.4,0.96,0.96,0.58,0.49,9.2,151.97
2,125,1077,263445,109,3.21,1.37,116,3.41,1.54,120,3.53,1.54,0.95,0.93,0.57,0.48,3.54,169.49
3,71,812,271067,62,2.7,1.18,61,2.65,1.03,67,2.91,1.35,0.96,0.96,0.57,0.47,7.44,171.86
4,140,769,221576,90,3.33,1.11,99,3.67,1.33,103,3.81,1.33,0.99,0.98,0.59,0.55,9.42,178.18
5,113,776,182372,97,3.34,1.52,96,3.31,1.56,103,3.55,1.55,0.96,0.96,0.57,0.5,14.17,164.18
6,138,834,203565,113,3.53,1.5,112,3.5,1.59,121,3.78,1.74,0.95,0.97,0.59,0.54,8.2,154.24
7,86,1247,539694,78,3.0,1.39,72,2.77,1.39,82,3.15,1.46,0.99,0.99,0.6,0.51,18.04,149.78
8,183,1434,305576,120,3.43,1.46,127,3.63,1.68,135,3.86,1.82,0.99,1.0,0.54,0.43,9.19,170.12
9,144,19322,15795714,83,3.07,1.04,94,3.48,1.12,97,3.59,1.12,0.98,0.98,0.44,0.37,3.71,199.56
10,136,664,153574,93,3.21,0.98,96,3.31,1.04,101,3.48,1.09,0.96,0.97,0.56,0.55,6.19,193.18
11,176,814,204300,116,3.31,1.23,112,3.2,1.13,122,3.49,1.25,0.99,0.99,0.55,0.56,5.86,195.72
12,138,761,208957,94,3.13,1.22,95,3.17,1.21,101,3.37,1.33,0.98,0.98,0.5,0.41,6.6,180.9
13,110,957,272210,96,3.1,1.25,95,3.06,1.31,109,3.52,1.61,0.98,0.98,0.6,0.47,12.0,156.65
14,137,1089,300834,121,3.02,1.4,119,2.98,1.48,134,3.35,1.46,0.99,0.98,0.61,0.54,6.72,172.9
15,164,1194,303823,134,2.98,1.39,142,3.16,1.69,156,3.47,1.96,0.96,0.96,0.61,0.51,20.85,153.85
16,206,2365,1440910,172,3.82,1.72,186,4.13,1.9,198,4.4,1.97,0.97,0.97,0.5,0.39,15.42,164.67
17,215,1620,423154,182,3.08,1.42,187,3.17,1.54,206,3.49,1.7,0.99,0.99,0.62,0.53,39.66,155.85
18,190,1336,318781,163,2.91,1.38,158,2.82,1.36,180,3.21,1.57,0.98,0.98,0.63,0.57,53.53,141.05
19,192,1424,374324,164,2.98,1.28,159,2.89,1.24,181,3.29,1.47,0.99,0.99,0.64,0.57,41.17,133.8
20,206,1473,378821,171,3.17,1.38,169,3.13,1.49,196,3.63,1.71,0.98,0.97,0.66,0.6,33.28,151.74
21,185,1508,433185,158,2.93,1.27,155,2.87,1.29,175,3.24,1.36,0.98,0.99,0.64,0.55,50.23,151.05
22,146,1290,416070,126,2.93,1.26,123,2.86,1.23,137,3.19,1.42,0.99,0.99,0.59,0.46,57.33,160.56
23,144,1238,283624,123,2.86,1.32,124,2.88,1.24,136,3.16,1.54,0.97,0.97,0.57,0.43,44.97,145.25
24,149,1969,880529,119,2.7,1.44,117,2.66,1.46,142,3.23,1.93,0.99,1.0,0.66,0.58,48.03,157.28
25,150,963,196951,124,2.82,1.08,126,2.86,1.15,140,3.18,1.11,0.99,1.0,0.74,0.73,47.59,164.62
26,228,4626,3196472,147,3.06,1.37,143,2.98,1.52,169,3.52,1.74,0.99,0.99,0.71,0.68,53.79,139.35
27,161,918,211504,131,2.98,1.42,134,3.05,1.38,152,3.45,1.62,0.96,0.97,0.6,0.56,37.76,149.6
28,149,3327,2302051,119,2.83,1.21,117,2.79,1.16,133,3.17,1.4,0.99,0.99,0.61,0.54,45.25,154.12
29,162,1255,403153,134,2.73,1.09,134,2.73,1.11,150,3.06,1.27,0.97,0.98,0.64,0.58,39.66,155.34
30,157,1061,269283,137,3.19,1.3,141,3.28,1.55,152,3.53,1.75,0.98,0.98,0.56,0.46,34.53,158.14
31,141,6242,5074917,106,2.47,1.28,106,2.47,1.24,119,2.77,1.54,0.94,0.94,0.61,0.45,41.54,142.89
32,179,2335,1403225,148,3.36,1.18,153,3.48,1.34,172,3.91,1.51,0.98,0.99,0.59,0.53,40.42,160.26
33,152,1045,267966,133,3.24,1.41,139,3.39,1.59,150,3.66,1.74,1.0,0.99,0.58,0.49,41.21,158.71
34,205,1373,298078,170,3.4,1.44,178,3.56,1.46,190,3.8,1.76,0.99,1.0,0.55,0.47,42.88,159.07
35,159,4070,2739938,140,2.98,1.29,139,2.96,1.27,154,3.28,1.44,0.96,0.96,0.64,0.56,50.33,159.14
36,199,6116,4273505,137,3.04,1.28,134,2.98,1.22,151,3.36,1.49,0.96,0.98,0.6,0.52,36.74,144.14
37,124,917,261147,102,2.91,1.2,101,2.89,1.35,114,3.26,1.63,0.99,1.0,0.59,0.53,14.8,154.15
38,133,3339,2448012,114,2.85,1.21,118,2.95,1.4,127,3.18,1.24,0.99,1.0,0.57,0.45,7.35,155.28
39,153,2685,1999819,129,3.0,1.23,131,3.05,1.25,144,3.35,1.49,0.97,0.95,0.6,0.53,9.39,164.28
40,124,865,199611,113,3.05,1.68,114,3.08,1.64,122,3.3,1.76,0.98,0.99,0.52,0.46,5.5,139.64
41,147,1079,300456,133,2.71,1.22,133,2.71,1.24,144,2.94,1.31,0.98,0.98,0.56,0.46,7.19,145.53
42,165,2157,1304942,135,3.65,1.6,128,3.46,1.39,144,3.89,1.71,0.98,0.99,0.58,0.45,5.99,158.62
43,188,1959,1002240,133,3.32,1.33,132,3.3,1.47,142,3.55,1.47,0.99,0.99,0.55,0.48,5.66,168.19
44,100,1693,1119936,91,2.68,1.32,89,2.62,1.26,98,2.88,1.49,0.97,0.97,0.61,0.49,6.59,142.54
45,127,930,229529,107,2.82,1.29,105,2.76,1.28,118,3.11,1.41,0.99,0.99,0.65,0.61,6.41,145.01
46,102,948,267318,93,2.82,1.42,90,2.73,1.33,101,3.06,1.56,0.99,1.0,0.58,0.49,13.66,140.93
47,116,853,263509,104,2.6,1.22,106,2.65,1.25,111,2.78,1.19,0.99,0.99,0.6,0.53,7.9,155.95
48,144,784,217589,92,3.41,1.08,94,3.48,1.22,100,3.7,1.23,0.99,1.0,0.57,0.58,9.98,189.41
49,141,729,188316,93,3.21,0.94,96,3.31,1.07,101,3.48,1.09,0.99,0.99,0.54,0.51,6.11,186.13
50,151,1223,539721,113,3.9,1.82,111,3.83,1.75,124,4.28,2.17,0.99,1.0,0.52,0.48,10.14,187.9
51,176,1337,392900,150,3.41,1.37,158,3.59,1.56,161,3.66,1.57,0.98,0.99,0.56,0.48,5.36,166.05
52,213,2074,992556,167,3.63,1.42,161,3.5,1.46,182,3.96,1.66,0.99,0.99,0.53,0.48,10.81,175.65
53,136,877,292933,118,3.19,1.49,120,3.24,1.53,130,3.51,1.61,0.97,0.98,0.53,0.43,3.1,174.09
54,77,489,152698,68,3.09,1.8,69,3.14,1.91,75,3.41,2.06,0.94,0.95,0.5,0.42,2.62,166.13
55,92,535,155856,81,2.89,1.73,82,2.93,1.8,88,3.14,1.8,0.98,0.99,0.57,0.52,2.46,157.93
56,161,1891,745562,131,3.54,1.73,135,3.65,1.58,145,3.92,1.89,0.94,0.93,0.49,0.41,2.49,166.55
57,246,7593,4017269,147,3.59,4.1,121,2.95,1.3,200,4.88,11.14,0.97,0.98,0.58,0.52,8.54,156.34
58,81,685,199920,72,2.67,1.36,71,2.63,1.5,79,2.93,1.69,0.99,1.0,0.67,0.6,10.36,159.24
59,138,6407,5429334,103,2.34,1.08,104,2.36,1.22,114,2.59,1.3,0.96,0.97,0.55,0.4,9.36,135.09
60,127,1251,636290,111,2.71,1.15,106,2.59,1.09,123,3.0,1.45,0.95,0.96,0.54,0.47,6.41,148.08
61,167,1271,383318,139,2.62,1.26,142,2.68,1.44,162,3.06,1.43,0.97,0.98,0.56,0.46,7.03,141.05
62,172,1130,328437,145,2.74,1.29,145,2.74,1.27,164,3.09,1.43,0.98,0.99,0.56,0.51,4.63,147.1
63,150,1953,937684,130,2.89,1.4,131,2.91,1.46,143,3.18,1.57,0.96,0.97,0.59,0.48,3.22,159.34
64,172,7580,6535121,131,2.79,1.44,130,2.77,1.49,146,3.11,1.67,0.97,0.98,0.53,0.42,3.2,151.11
65,264,13839,12315400,146,3.11,1.46,146,3.11,1.36,165,3.51,1.73,0.98,0.99,0.49,0.38,4.54,148.52
66,161,785,225173,140,2.75,1.32,142,2.78,1.38,151,2.96,1.44,0.97,0.98,0.57,0.52,4.6,156.61
67,200,1985,1259328,167,3.15,1.39,171,3.23,1.4,188,3.55,1.49,0.99,0.99,0.53,0.5,4.43,155.29
68,211,896,271443,180,3.16,1.59,188,3.3,1.69,202,3.54,1.8,0.99,0.99,0.48,0.4,3.04,165.9
69,218,1041,304424,193,3.22,1.34,195,3.25,1.5,207,3.45,1.55,0.96,0.97,0.53,0.49,3.72,162.56
70,227,1023,300384,194,3.08,1.2,194,3.08,1.35,211,3.35,1.36,0.97,0.97,0.51,0.44,4.09,160.7
71,220,1062,364951,184,3.07,1.48,185,3.08,1.52,203,3.38,1.74,0.98,0.99,0.51,0.45,4.52,164.76
72,199,870,235142,166,2.81,1.24,164,2.78,1.27,182,3.08,1.42,0.98,0.99,0.51,0.46,3.63,164.36
73,99,769,327059,78,3.12,1.27,74,2.96,1.06,87,3.48,1.98,0.99,1.0,0.46,0.36,1.2,156.18
86,53,957,1131247,41,3.42,1.62,37,3.08,1.44,42,3.5,1.62,1.0,1.0,0.35,0.33,4.18,176.06
87,70,202,49876,53,3.31,1.54,53,3.31,1.54,53,3.31,1.54,0.97,0.97,0.4,0.4,0.03,194.84
88,98,431,153446,75,3.0,1.47,72,2.88,1.39,82,3.28,1.7,0.99,1.0,0.49,0.48,3.2,181.38
89,163,555,130093,111,3.17,1.38,112,3.2,1.49,120,3.43,1.42,1.0,1.0,0.45,0.44,2.95,184.05
90,109,467,130929,91,2.53,0.94,94,2.61,1.05,97,2.69,1.04,1.0,1.0,0.53,0.51,5.52,154.92
91,82,1809,1563815,65,2.41,1.19,61,2.26,1.26,74,2.74,1.26,0.98,0.99,0.5,0.45,12.78,147.21
92,88,471,124244,75,2.59,0.95,78,2.69,1.0,80,2.76,1.06,0.98,0.98,0.47,0.44,5.58,168.01
93,132,777,211523,120,3.43,1.44,118,3.37,1.33,123,3.51,1.48,0.99,0.99,0.43,0.41,5.32,177.91
94,172,1659,1129710,138,3.63,1.48,147,3.87,1.83,146,3.84,1.64,0.98,0.97,0.37,0.35,4.37,169.87
95,149,632,200262,123,3.51,1.34,131,3.74,1.5,128,3.66,1.41,0.99,0.99,0.38,0.35,5.23,172.74
96,178,883,220733,146,3.32,1.18,151,3.43,1.23,157,3.57,1.26,0.99,0.99,0.42,0.41,7.23,175.68
97,184,1115,258442,150,3.49,1.39,150,3.49,1.33,158,3.67,1.41,0.99,0.99,0.49,0.44,34.0,182.78
98,105,659,192578,94,3.03,1.3,97,3.13,1.45,98,3.16,1.51,0.99,1.0,0.56,0.51,36.74,171.6
99,103,961,217355,91,2.76,1.52,88,2.67,1.41,97,2.94,1.78,0.99,0.98,0.6,0.53,55.96,169.31
100,138,5785,4758540,113,2.97,1.28,108,2.84,1.26,120,3.16,1.48,0.96,0.96,0.58,0.49,39.09,156.78
101,131,2113,1453020,113,2.46,1.33,121,2.63,1.6,122,2.65,1.52,0.97,0.97,0.63,0.56,46.56,152.11
102,178,1980,1286202,115,3.11,1.29,141,3.81,1.79,147,3.97,1.83,0.96,0.96,0.52,0.46,17.84,179.2
103,139,495,114768,88,3.67,1.01,119,4.96,1.73,119,4.96,1.33,0.97,0.98,0.49,0.48,11.36,208.82
104,101,419,99465,58,3.22,1.26,86,4.78,1.66,80,4.44,1.38,0.99,0.99,0.53,0.51,15.29,206.13
105,174,1612,708263,142,3.46,1.6,131,3.2,1.49,160,3.9,1.96,0.97,0.95,0.57,0.47,37.41,171.62
106,148,1848,1342105,123,2.93,1.52,124,2.95,1.64,140,3.33,1.65,0.99,0.99,0.61,0.53,31.5,161.52
107,165,1343,523914,131,2.85,1.23,129,2.8,1.33,149,3.24,1.69,0.98,0.99,0.6,0.54,33.76,159.69
108,222,4430,3298440,171,3.42,1.57,176,3.52,1.64,183,3.66,1.69,0.98,0.98,0.53,0.53,35.03,180.55
109,178,1022,357323,146,3.84,1.87,147,3.87,1.8,156,4.11,1.96,0.98,0.99,0.51,0.51,27.23,182.23
110,226,1207,338208,174,4.05,2.13,177,4.12,2.07,193,4.49,2.33,0.97,0.99,0.52,0.46,27.39,163.77
111,215,1336,352299,162,3.52,2.02,155,3.37,1.92,185,4.02,2.5,0.98,0.98,0.63,0.56,60.72,156.81
112,118,692,216962,88,2.67,1.02,89,2.7,1.16,96,2.91,1.28,0.99,0.98,0.6,0.6,18.95,146.07
113,147,3201,1719488,121,2.88,1.5,117,2.79,1.42,132,3.14,1.84,0.97,0.98,0.42,0.39,4.27,163.65
114,94,881,406162,82,2.65,1.31,81,2.61,1.17,85,2.74,1.24,0.97,0.98,0.49,0.41,5.92,146.67
115,114,2235,1678957,99,2.36,1.25,97,2.31,1.28,111,2.64,1.41,0.98,0.99,0.52,0.43,6.61,146.36
116,126,3473,2165448,103,2.34,1.12,99,2.25,1.1,112,2.55,1.37,0.97,0.97,0.58,0.52,17.34,145.07
117,109,468,122329,96,2.67,1.22,94,2.61,1.2,104,2.89,1.39,0.93,0.93,0.56,0.51,1.46,141.57
118,76,305,82682,57,2.28,1.02,57,2.28,1.14,67,2.68,1.22,0.93,0.95,0.6,0.6,2.67,134.22
119,138,730,286234,114,2.65,1.17,112,2.6,1.22,131,3.05,1.62,0.94,0.95,0.5,0.43,3.31,160.65
120,113,694,203136,101,2.35,1.33,101,2.35,1.31,109,2.53,1.45,0.96,0.97,0.59,0.54,9.44,146.83
121,95,1137,631300,83,2.24,1.21,76,2.05,1.1,91,2.46,1.39,0.97,0.97,0.55,0.46,3.17,140.8
122,120,2675,2160333,91,2.53,1.06,95,2.64,1.1,112,3.11,1.67,0.95,0.96,0.5,0.44,3.65,135.13
123,106,593,194204,95,2.5,1.59,97,2.55,1.67,105,2.76,1.73,0.96,0.97,0.57,0.51,3.64,144.08
124,102,576,163378,86,2.26,1.03,84,2.21,1.07,98,2.58,1.22,0.98,0.98,0.55,0.53,7.75,139.25
125,156,942,335624,108,3.0,1.39,106,2.94,1.45,117,3.25,1.46,0.99,0.99,0.49,0.4,3.42,166.12
126,144,523,131965,100,2.86,1.0,100,2.86,1.09,109,3.11,1.28,0.99,0.97,0.47,0.42,7.75,185.31
127,145,870,461386,98,2.88,0.77,96,2.82,0.76,105,3.09,0.93,0.96,0.97,0.41,0.33,2.53,178.07
128,169,739,195660,125,2.98,1.16,129,3.07,1.16,139,3.31,1.33,0.98,0.98,0.42,0.35,2.94,169.63
129,70,381,104394,61,2.1,0.98,60,2.07,1.03,66,2.28,1.13,0.97,0.97,0.53,0.48,9.76,146.19
130,133,945,358808,111,2.78,1.48,111,2.78,1.51,124,3.1,1.52,0.98,0.99,0.51,0.45,22.53,157.87
131,64,1472,1068325,58,2.23,1.11,56,2.15,1.16,61,2.35,1.13,0.96,0.94,0.63,0.57,69.02,151.45
132,104,796,221734,85,2.3,0.97,82,2.22,1.03,95,2.57,1.3,0.99,1.0,0.65,0.61,56.75,146.88
133,92,1742,1191302,75,1.97,0.91,72,1.89,0.95,83,2.18,1.01,0.99,1.0,0.74,0.69,85.01,143.34
134,78,580,159610,68,2.0,0.92,66,1.94,0.89,76,2.24,1.02,0.97,0.95,0.7,0.66,51.02,138.54
135,116,7698,5679561,84,2.21,1.02,86,2.26,1.16,96,2.53,1.35,0.97,0.97,0.66,0.63,52.7,150.32
136,150,11182,8086597,128,2.91,1.7,121,2.75,1.4,142,3.23,2.4,0.94,0.94,0.56,0.52,41.82,151.87
137,158,4038,3274166,116,2.47,1.1,128,2.72,1.39,140,2.98,1.55,0.97,0.97,0.61,0.54,41.35,147.98
138,156,1247,352297,130,2.32,1.13,128,2.29,1.17,149,2.66,1.28,0.96,0.96,0.67,0.6,63.88,147.04
139,125,852,245125,108,2.7,1.2,105,2.62,1.21,117,2.92,1.37,0.99,1.0,0.59,0.5,41.24,148.02
140,121,1059,320834,105,2.56,1.18,97,2.37,1.11,115,2.8,1.45,0.92,0.91,0.64,0.56,46.82,145.96
141,116,118258,111888435,89,2.7,1.36,94,2.85,2.03,103,3.12,2.06,0.97,0.97,0.59,0.54,52.07,158.16
142,125,1693,777318,109,2.79,1.34,106,2.72,1.36,118,3.03,1.55,0.93,0.94,0.63,0.61,45.26,158.43
143,126,808,371203,107,2.68,1.31,104,2.6,1.28,119,2.98,1.56,0.94,0.94,0.54,0.46,24.97,150.91
144,115,4255,3402490,98,2.45,1.15,98,2.45,1.22,111,2.78,1.46,0.94,0.93,0.53,0.44,1.48,150.47
145,97,480,139477,81,2.31,0.99,78,2.23,0.97,92,2.63,1.19,0.97,0.97,0.56,0.48,2.6,147.84
146,167,784,233800,144,2.82,1.53,142,2.78,1.47,158,3.1,1.64,0.96,0.97,0.56,0.54,6.8,155.99
147,140,798,245163,119,2.43,1.14,120,2.45,1.17,136,2.78,1.25,0.94,0.95,0.56,0.53,7.93,152.55
148,83,542,182891,77,2.57,0.97,75,2.5,0.97,78,2.6,1.0,0.98,0.98,0.57,0.51,9.69,156.5
149,108,902,349775,85,2.5,0.99,79,2.32,0.84,97,2.85,1.21,0.89,0.9,0.58,0.58,24.12,150.47
150,176,1642,316073,149,2.71,1.36,146,2.65,1.32,162,2.95,1.51,0.73,0.74,0.55,0.5,40.1,144.78
151,131,1523,1018891,123,2.51,1.34,118,2.41,1.26,127,2.59,1.38,0.85,0.87,0.54,0.49,28.42,155.04
152,152,1193,233098,134,2.73,1.2,133,2.71,1.29,148,3.02,1.41,0.78,0.8,0.55,0.49,29.31,151.1
153,157,1150,182457,140,2.75,1.29,134,2.63,1.39,149,2.92,1.44,0.77,0.78,0.49,0.41,51.43,151.73
154,147,3786,1404484,128,2.25,0.95,117,2.05,1.03,143,2.51,1.24,0.75,0.76,0.58,0.49,77.48,146.94
155,132,7632,6150842,111,2.13,1.05,102,1.96,0.93,118,2.27,1.29,0.73,0.76,0.6,0.51,88.8,133.54
156,176,1728,583580,143,2.6,1.33,147,2.67,1.56,164,2.98,1.59,0.84,0.86,0.63,0.56,67.63,144.14
157,126,1241,333642,109,2.42,1.06,104,2.31,0.95,118,2.62,1.27,0.85,0.87,0.6,0.54,78.14,131.5
158,115,1141,447087,91,2.53,1.28,89,2.47,1.25,102,2.83,1.5,0.98,0.99,0.61,0.53,70.81,140.31
159,114,661,172358,97,2.49,1.12,96,2.46,1.12,107,2.74,1.35,0.99,0.99,0.65,0.6,53.71,149.0
160,126,836,217876,107,2.33,1.08,108,2.35,1.08,119,2.59,1.27,0.99,1.0,0.64,0.59,59.28,132.08
161,178,3413,1888792,149,2.57,1.55,130,2.24,1.16,165,2.84,1.89,0.82,0.85,0.62,0.57,76.8,136.57
162,156,2467,962513,136,2.47,1.44,124,2.25,1.27,146,2.65,1.49,0.69,0.77,0.61,0.54,80.92,137.62
163,125,1448,526995,108,2.35,1.14,107,2.33,1.21,120,2.61,1.48,0.75,0.79,0.61,0.57,73.45,142.1
164,105,4138,2846668,94,2.29,1.21,90,2.2,1.1,97,2.37,1.26,0.66,0.68,0.58,0.54,92.91,138.61
165,174,1695,353903,149,2.61,1.28,150,2.63,1.29,159,2.79,1.26,0.73,0.75,0.55,0.46,61.95,156.51
166,204,2104,1160915,123,3.24,1.32,147,3.87,1.66,127,3.34,1.32,0.83,0.84,0.49,0.41,41.49,201.6
167,189,1165,190863,125,3.12,1.14,145,3.62,1.37,131,3.28,1.24,0.82,0.82,0.56,0.53,43.54,193.73
168,103,930,202644,82,2.34,0.73,88,2.51,0.95,88,2.51,0.82,0.8,0.79,0.56,0.52,40.32,170.82
169,104,1124,294523,82,2.05,0.85,85,2.12,0.91,97,2.42,1.2,0.82,0.84,0.56,0.43,68.84,151.09
170,148,1980,708149,128,2.42,1.18,126,2.38,1.16,143,2.7,1.42,0.79,0.8,0.55,0.43,66.18,141.27
171,124,1251,328765,110,2.56,0.98,106,2.47,1.05,119,2.77,1.11,0.85,0.86,0.57,0.46,46.63,146.74
172,112,724,192858,82,2.22,1.2,95,2.57,1.48,98,2.65,1.46,0.98,0.99,0.59,0.52,46.82,153.41
173,120,532,124428,68,2.83,1.2,95,3.96,1.68,83,3.46,1.35,1.0,1.0,0.52,0.46,34.63,201.5
174,102,524,132586,70,2.59,1.12,85,3.15,1.61,82,3.04,1.34,0.99,0.99,0.59,0.51,39.49,166.54
175,100,710,191106,84,2.71,1.1,88,2.84,1.19,94,3.03,1.14,0.99,0.99,0.6,0.52,36.61,140.28
176,107,860,240567,93,2.45,1.11,92,2.42,1.06,104,2.74,1.16,0.95,0.94,0.62,0.51,29.96,135.09
177,112,904,260756,96,2.4,0.98,96,2.4,1.1,105,2.62,1.13,0.99,1.0,0.65,0.6,57.58,146.93
178,117,807,242270,102,2.62,1.44,102,2.62,1.39,114,2.92,1.66,0.96,0.97,0.7,0.67,48.5,147.83
179,131,1069,338454,113,2.63,1.27,115,2.67,1.32,125,2.91,1.41,0.96,0.96,0.55,0.48,29.62,148.9
180,147,1054,300237,117,2.6,1.29,126,2.8,1.42,140,3.11,1.68,0.99,0.99,0.61,0.56,64.13,145.8
181,101,715,195844,80,2.58,1.12,81,2.61,1.2,94,3.03,1.4,0.99,1.0,0.63,0.53,48.09,140.23
182,134,988,331166,103,2.64,1.37,103,2.64,1.56,118,3.03,1.74,0.97,0.97,0.66,0.58,27.57,132.43
183,100,5460,4727707,78,2.36,1.11,78,2.36,1.06,81,2.45,1.06,0.99,0.99,0.61,0.51,35.71,153.72
184,167,762,202260,123,3.0,1.24,126,3.07,1.21,134,3.27,1.38,0.99,1.0,0.59,0.6,34.16,170.47
185,118,3219,2275955,90,2.57,1.22,95,2.71,1.32,102,2.91,1.44,1.0,1.0,0.65,0.6,61.78,166.41
186,179,913,228326,139,3.16,1.26,146,3.32,1.27,161,3.66,1.36,0.95,0.95,0.6,0.59,38.78,167.46
187,106,804,249340,88,2.67,1.34,89,2.7,1.33,102,3.09,1.74,0.98,0.99,0.64,0.62,49.45,151.23
188,135,805,224221,119,3.05,1.45,115,2.95,1.43,130,3.33,1.64,0.97,0.96,0.64,0.63,51.38,160.84
189,97,703,188114,83,2.18,0.83,88,2.32,0.96,93,2.45,1.08,0.98,0.98,0.7,0.67,54.76,147.77
190,93,2695,2072557,75,2.21,1.15,76,2.24,1.21,86,2.53,1.16,0.95,0.95,0.64,0.55,68.17,140.54
191,148,1208,400274,126,2.8,1.36,123,2.73,1.42,135,3.0,1.6,0.99,0.99,0.67,0.62,34.6,161.4
192,174,3722,2945545,128,2.61,1.19,132,2.69,1.26,149,3.04,1.53,0.96,0.96,0.62,0.53,65.96,151.8
193,137,1067,315594,119,2.7,1.41,121,2.75,1.31,133,3.02,1.44,0.96,0.97,0.58,0.49,51.47,146.57
194,201,1247,326446,161,3.22,1.15,165,3.3,1.25,180,3.6,1.43,0.98,0.99,0.55,0.42,41.14,161.08
195,143,1145,372905,113,2.76,1.77,113,2.76,1.62,132,3.22,1.77,0.99,1.0,0.56,0.5,44.77,147.27
196,151,840,233237,127,2.31,1.2,135,2.45,1.32,148,2.69,1.35,0.99,0.99,0.62,0.54,19.42,150.53
197,150,742,188253,125,2.6,1.32,131,2.73,1.55,141,2.94,1.58,0.97,0.94,0.49,0.42,10.27,147.7
198,141,890,328806,115,2.61,1.13,113,2.57,1.11,133,3.02,1.34,0.98,1.0,0.5,0.42,3.21,145.6
199,202,1360,355549,157,3.08,1.48,162,3.18,1.55,188,3.69,1.77,0.96,0.96,0.57,0.51,4.65,150.49
200,175,4635,3183450,112,3.03,1.07,128,3.46,1.52,151,4.08,2.01,0.92,0.87,0.51,0.45,6.3,165.79
201,176,713,190724,134,2.98,1.53,152,3.38,2.18,166,3.69,2.17,0.97,0.97,0.53,0.52,5.92,159.91
202,119,766,243418,100,2.27,1.23,103,2.34,1.38,114,2.59,1.5,0.97,0.97,0.49,0.44,6.0,132.37
203,170,1356,492269,138,2.82,1.35,137,2.8,1.32,159,3.24,1.47,0.98,0.98,0.49,0.42,10.91,153.02
204,148,1071,367850,120,2.73,1.44,114,2.59,1.4,142,3.23,1.82,0.97,0.97,0.59,0.54,8.67,140.01
205,158,1126,207778,135,2.6,1.24,140,2.69,1.31,152,2.92,1.44,0.97,0.97,0.55,0.5,4.53,147.07
206,166,1196,390061,130,2.55,1.12,127,2.49,1.1,158,3.1,1.4,0.97,0.98,0.51,0.45,10.54,146.8
207,190,2741,2560794,164,2.56,1.1,157,2.45,1.05,178,2.78,1.25,0.99,0.99,0.52,0.46,10.04,158.19
208,268,1567,476071,202,2.97,1.26,203,2.99,1.28,248,3.65,1.57,0.97,0.97,0.51,0.43,8.27,160.4
209,252,1472,452513,198,2.71,1.07,202,2.77,1.02,237,3.25,1.34,0.98,0.99,0.53,0.47,6.54,159.39
210,232,3523,2214573,176,2.44,1.17,184,2.56,1.21,223,3.1,1.66,0.98,0.98,0.54,0.47,9.54,149.53
211,169,1388,443081,141,2.71,1.43,145,2.79,1.56,160,3.08,1.57,0.96,0.95,0.54,0.47,13.74,144.84
212,195,1029,321165,149,2.66,1.23,149,2.66,1.2,181,3.23,1.56,0.99,1.0,0.54,0.48,6.98,147.5
213,162,765,224145,130,2.6,1.4,138,2.76,1.59,155,3.1,1.59,0.96,0.94,0.52,0.47,4.17,146.72
214,224,1053,312654,182,2.89,1.17,186,2.95,1.2,204,3.24,1.32,0.96,0.96,0.52,0.5,5.39,150.3
215,196,763,184576,163,3.33,1.45,164,3.35,1.48,187,3.82,1.48,0.94,0.93,0.55,0.55,8.58,149.73
216,194,780,237526,148,2.96,1.19,161,3.22,1.52,184,3.68,1.73,0.96,0.95,0.47,0.41,3.52,145.41
217,195,1032,310844,144,2.57,1.02,155,2.77,1.37,180,3.21,1.56,0.95,0.96,0.51,0.44,8.28,142.13
218,378,18011,19478553,167,2.74,1.32,170,2.79,1.31,206,3.38,1.75,0.96,0.96,0.54,0.44,7.95,142.51
219,138,818,263631,104,2.21,1.14,103,2.19,1.21,128,2.72,1.44,0.97,0.97,0.65,0.57,4.78,143.92
220,224,10782,9047447,159,2.52,1.22,163,2.59,1.38,202,3.21,1.59,0.96,0.97,0.56,0.47,24.97,139.14
221,199,1165,311317,152,3.04,1.29,150,3.0,1.32,189,3.78,1.56,0.98,0.99,0.63,0.58,35.75,145.32
222,253,1424,401101,208,3.35,2.69,190,3.06,1.68,245,3.95,3.05,0.98,0.99,0.57,0.5,31.78,153.36
223,205,1312,348441,154,2.75,1.4,160,2.86,1.37,191,3.41,1.62,0.99,1.0,0.61,0.53,52.41,150.93
224,205,4408,2590537,163,2.51,1.3,155,2.38,1.14,189,2.91,1.6,0.97,0.96,0.65,0.59,46.85,143.95
225,142,942,231047,119,2.43,1.34,118,2.41,1.32,132,2.69,1.43,0.99,0.98,0.73,0.69,47.92,144.47
226,114,803,201077,99,1.98,1.04,107,2.14,1.2,111,2.22,1.2,0.99,0.99,0.75,0.71,70.63,149.14
227,79,607,183188,72,1.85,0.99,77,1.97,1.09,79,2.03,1.09,0.94,0.94,0.71,0.65,53.59,136.11
228,95,10105,584725,77,1.92,0.92,73,1.82,0.84,87,2.17,1.11,0.98,0.97,0.7,0.64,38.48,149.14
229,139,602,120899,83,2.68,1.14,89,2.87,1.28,93,3.0,1.32,0.98,0.99,0.71,0.77,43.8,198.43
230,105,1008,144693,89,2.34,0.99,91,2.39,0.92,99,2.61,1.1,0.98,0.97,0.73,0.67,42.75,157.99
231,111,937,237608,102,2.37,1.23,102,2.37,1.35,108,2.51,1.33,0.94,0.94,0.61,0.56,44.32,152.37
232,83,677,183715,78,2.23,1.03,78,2.23,1.0,81,2.31,0.99,0.97,0.97,0.64,0.58,21.4,159.85
233,114,720,162459,106,2.26,1.07,107,2.28,1.08,112,2.38,1.09,0.96,0.97,0.63,0.57,42.42,145.0
234,98,914,256839,85,1.93,0.87,82,1.86,0.8,95,2.16,1.01,0.99,0.98,0.68,0.64,12.03,153.3
235,112,836,238589,100,2.04,1.08,103,2.1,1.12,110,2.24,1.15,0.99,0.99,0.6,0.55,11.32,147.74
236,104,682,185853,92,1.92,0.82,95,1.98,0.89,99,2.06,0.93,0.99,0.99,0.55,0.46,7.5,155.75
237,108,669,192488,97,1.94,0.98,104,2.08,1.03,105,2.1,1.05,1.0,1.0,0.58,0.55,11.5,153.08
238,95,446,98653,84,1.91,0.94,85,1.93,0.87,93,2.11,1.04,0.98,0.98,0.58,0.54,4.19,136.14
239,145,2243,955659,125,2.36,1.26,125,2.36,1.32,140,2.64,1.42,0.95,0.93,0.64,0.6,10.07,147.34
240,165,1136,258492,128,2.61,1.04,135,2.76,1.18,145,2.96,1.22,0.94,0.92,0.57,0.55,2.9,160.25
241,200,810,222560,154,3.28,1.3,163,3.47,1.4,175,3.72,1.53,0.97,0.98,0.54,0.52,5.85,175.42
242,114,1520,263837,97,2.85,1.46,100,2.94,1.5,110,3.24,1.63,0.95,0.95,0.52,0.47,6.6,155.97
243,126,885,323271,92,2.56,1.08,96,2.67,1.15,118,3.28,1.5,0.96,0.97,0.51,0.46,9.73,144.45
244,110,574,181669,91,2.28,1.3,98,2.45,1.52,104,2.6,1.48,0.94,0.94,0.59,0.51,3.55,155.86
245,117,589,197882,103,2.34,0.91,106,2.41,0.95,110,2.5,1.02,0.97,0.97,0.53,0.52,5.29,145.99
246,79,522,153369,66,2.13,1.06,73,2.35,1.17,75,2.42,1.2,0.96,0.97,0.61,0.58,5.29,144.71
247,81,353,95471,73,2.28,1.33,77,2.41,1.41,78,2.44,1.41,0.96,0.97,0.55,0.53,5.13,166.39
248,120,759,314962,98,2.51,1.21,107,2.74,1.39,116,2.97,1.42,0.98,0.99,0.49,0.41,3.54,157.37
249,84,557,162113,68,2.19,0.79,74,2.39,1.15,82,2.65,1.25,0.95,0.96,0.59,0.53,6.17,153.93
250,105,509,125037,88,2.38,1.38,93,2.51,1.54,99,2.68,1.62,0.98,0.96,0.62,0.58,10.26,151.24
251,124,488,114974,108,3.18,1.7,112,3.29,1.64,122,3.59,1.88,0.96,0.96,0.49,0.49,15.63,153.27
252,127,534,139606,111,2.85,1.63,117,3.0,1.86,122,3.13,1.79,0.94,0.93,0.58,0.55,5.73,143.16
253,40,135,32780,29,2.64,0.92,32,2.91,1.45,36,3.27,1.56,0.95,0.95,0.51,0.51,1.13,155.61
254,79,4486,3237592,44,2.75,1.18,39,2.44,1.31,49,3.06,1.39,1.0,1.0,0.42,0.32,16.96,154.56
255,135,576,127148,108,3.48,1.12,123,3.97,1.49,129,4.16,1.49,1.0,1.0,0.55,0.58,5.48,176.17
256,91,329,89201,74,2.47,0.9,84,2.8,1.1,88,2.93,1.11,0.96,0.96,0.48,0.42,5.26,155.7
257,125,659,221403,96,2.67,1.47,110,3.06,1.8,121,3.36,1.93,0.99,1.0,0.48,0.4,6.5,156.75
258,168,715,196513,141,2.61,1.45,150,2.78,1.46,164,3.04,1.61,0.96,0.96,0.61,0.58,5.7,147.53
259,122,529,138497,100,2.56,1.29,112,2.87,1.76,121,3.1,1.9,0.97,0.98,0.58,0.55,4.1,159.05
260,125,626,188540,105,2.69,1.13,107,2.74,1.09,124,3.18,1.35,0.95,0.96,0.55,0.54,5.07,154.38
261,146,663,176210,111,2.71,1.31,126,3.07,1.62,141,3.44,1.87,0.93,0.92,0.52,0.49,2.73,157.4
262,113,447,105518,91,2.76,1.06,105,3.18,1.21,111,3.36,1.27,0.95,0.95,0.55,0.55,6.65,175.66
263,134,599,171339,99,2.75,1.13,116,3.22,1.35,113,3.14,1.36,0.97,0.97,0.5,0.49,8.9,189.89
264,113,543,156348,89,2.54,1.15,102,2.91,1.48,104,2.97,1.46,0.98,0.98,0.49,0.44,5.07,162.33
265,152,750,213983,124,2.76,1.38,136,3.02,1.56,148,3.29,1.59,0.97,0.97,0.5,0.45,4.64,152.36
266,145,763,220145,116,2.52,1.24,124,2.7,1.35,140,3.04,1.58,0.98,0.99,0.57,0.53,7.33,149.83
267,116,477,116430,98,2.8,1.49,101,2.89,1.51,112,3.2,1.47,0.97,0.97,0.54,0.54,4.44,152.92
268,137,633,190305,102,2.62,1.16,112,2.87,1.32,128,3.28,1.5,0.97,0.97,0.5,0.45,7.66,157.79
269,93,373,85346,74,2.47,1.07,83,2.77,1.5,89,2.97,1.56,0.98,0.99,0.55,0.5,0.89,161.43
270,131,628,175527,98,2.39,1.09,120,2.93,1.52,126,3.07,1.51,0.98,0.99,0.52,0.51,7.08,159.39
271,131,579,145046,108,2.84,1.39,120,3.16,1.57,125,3.29,1.68,0.98,0.98,0.54,0.51,8.05,177.6
272,164,535,124712,113,3.23,1.21,137,3.91,1.4,127,3.63,1.26,0.97,0.98,0.43,0.43,5.9,189.29
273,94,453,111713,71,2.45,0.95,83,2.86,0.95,88,3.03,1.12,0.98,0.97,0.57,0.55,4.64,170.5
274,112,597,168219,94,2.61,1.1,100,2.78,1.2,108,3.0,1.29,0.97,0.97,0.57,0.58,12.11,162.08
275,152,1090,561737,118,2.46,1.24,132,2.75,1.44,147,3.06,1.48,0.99,1.0,0.52,0.44,3.56,152.38
276,88,364,111269,69,2.46,1.2,81,2.89,1.59,87,3.11,1.75,0.98,0.96,0.53,0.47,3.62,161.48
277,181,1825,996700,150,2.94,1.32,157,3.08,1.37,170,3.33,1.42,0.99,0.99,0.54,0.48,6.15,149.3
278,330,21605,20490687,127,2.76,1.39,141,3.07,1.61,157,3.41,1.83,0.98,0.99,0.54,0.47,4.8,145.85
279,120,748,226878,94,2.69,1.55,102,2.91,1.22,114,3.26,1.65,0.97,0.98,0.62,0.55,54.26,164.15
