id_time,n_flows,n_packets,n_bytes,sum_n_dest_asn,average_n_dest_asn,std_n_dest_asn,sum_n_dest_ports,average_n_dest_ports,std_n_dest_ports,sum_n_dest_ip,average_n_dest_ip,std_n_dest_ip,tcp_udp_ratio_packets,tcp_udp_ratio_bytes,dir_ratio_packets,dir_ratio_bytes,avg_duration,avg_ttl
0,110,130,7727,103,3.68,1.36,105,3.75,1.58,107,3.82,1.59,0.51,0.39,0.27,0.34,0.0,142.23
1,96,126,13796,92,3.17,1.47,88,3.03,1.43,95,3.28,1.51,0.45,0.32,0.34,0.39,0.25,126.91
2,101,129,8414,94,4.09,1.73,97,4.22,1.95,101,4.39,1.99,0.54,0.42,0.26,0.32,0.02,154.42
3,114,134,8038,108,3.38,1.13,111,3.47,1.24,112,3.5,1.24,0.53,0.39,0.26,0.35,0.0,155.03
4,182,223,12725,152,3.62,1.46,154,3.67,1.66,165,3.93,1.69,0.51,0.4,0.24,0.31,0.01,146.61
5,109,132,8196,105,3.0,1.37,103,2.94,1.43,107,3.06,1.43,0.44,0.33,0.33,0.4,0.0,125.9
6,178,250,22152,160,3.27,1.35,151,3.08,1.38,164,3.35,1.42,0.51,0.39,0.31,0.39,0.04,134.72
7,118,182,26099,112,2.73,1.14,99,2.41,1.0,114,2.78,1.15,0.33,0.24,0.46,0.52,2.09,111.75
8,176,207,12547,120,3.24,1.32,132,3.57,1.44,137,3.7,1.6,0.55,0.41,0.26,0.33,4.0,161.82
9,186,206,10215,95,3.52,1.28,110,4.07,1.21,115,4.26,1.4,0.72,0.59,0.16,0.24,0.31,201.25
10,118,135,6898,73,3.32,0.78,77,3.5,0.8,80,3.64,0.85,0.69,0.56,0.2,0.29,0.34,192.21
11,159,219,12244,103,3.68,1.42,105,3.75,1.48,111,3.96,1.71,0.68,0.55,0.23,0.32,1.5,193.8
12,119,187,47127,91,3.14,1.41,87,3.0,1.34,93,3.21,1.37,0.53,0.41,0.31,0.41,1.11,154.8
13,98,117,6628,86,2.87,1.2,91,3.03,1.38,93,3.1,1.47,0.47,0.35,0.32,0.4,0.0,148.18
14,109,131,7818,91,2.76,1.17,91,2.76,1.3,95,2.88,1.32,0.44,0.33,0.34,0.41,0.02,139.95
15,124,146,8380,108,3.38,1.31,111,3.47,1.44,117,3.66,1.47,0.51,0.39,0.32,0.4,1.02,152.77
16,105,127,7802,97,3.34,1.76,94,3.24,1.77,102,3.52,1.77,0.43,0.32,0.33,0.4,0.0,142.16
17,133,349,205303,127,3.26,1.21,126,3.23,1.31,132,3.38,1.27,0.47,0.37,0.3,0.36,0.4,139.17
18,134,172,11568,127,2.89,1.17,122,2.77,1.2,132,3.0,1.24,0.37,0.27,0.4,0.46,3.68,117.86
19,119,177,10379,117,3.08,1.34,108,2.84,1.26,118,3.11,1.33,0.44,0.33,0.39,0.47,2.06,120.52
20,125,157,10076,122,3.3,1.47,113,3.05,1.39,123,3.32,1.45,0.4,0.29,0.37,0.44,1.07,125.67
21,126,185,19570,120,3.43,1.56,112,3.2,1.66,124,3.54,1.69,0.45,0.34,0.34,0.41,7.14,130.38
22,133,158,9310,125,3.12,1.26,122,3.05,1.34,131,3.28,1.36,0.42,0.32,0.35,0.43,1.62,133.19
23,151,214,14292,137,3.42,4.66,113,2.82,1.53,147,3.68,5.73,0.41,0.29,0.38,0.43,1.34,111.01
24,109,157,11308,99,3.09,1.06,100,3.12,1.29,107,3.34,1.26,0.48,0.37,0.35,0.41,1.54,119.91
25,96,110,10944,90,2.9,1.25,84,2.71,1.35,92,2.97,1.35,0.47,0.37,0.41,0.5,0.26,121.96
26,110,116,6828,98,3.06,1.64,87,2.72,1.4,105,3.28,1.73,0.39,0.3,0.44,0.52,0.71,108.18
27,121,138,8701,109,2.87,1.34,109,2.87,1.47,117,3.08,1.55,0.47,0.38,0.45,0.54,1.46,118.66
28,116,141,8215,108,3.09,1.46,104,2.97,1.4,112,3.2,1.55,0.43,0.33,0.34,0.42,0.01,133.47
29,79,101,6141,73,2.7,1.35,74,2.74,1.35,77,2.85,1.43,0.37,0.28,0.35,0.42,0.0,121.53
30,97,117,6720,95,3.17,1.56,94,3.13,1.57,97,3.23,1.61,0.51,0.39,0.31,0.4,0.08,128.15
31,106,136,8349,105,2.92,1.3,99,2.75,1.13,106,2.94,1.31,0.37,0.27,0.35,0.41,0.0,125.06
32,68,86,5032,61,2.54,1.32,62,2.58,1.56,65,2.71,1.55,0.34,0.27,0.42,0.48,0.43,118.82
33,134,171,10589,125,3.47,1.25,126,3.5,1.36,133,3.69,1.41,0.49,0.37,0.26,0.32,0.33,135.77
34,118,151,9166,113,3.14,1.2,110,3.06,1.15,117,3.25,1.13,0.45,0.34,0.32,0.39,0.07,128.21
35,67,83,5223,67,2.79,1.35,64,2.67,1.37,67,2.79,1.35,0.34,0.25,0.38,0.43,0.0,110.41
36,99,118,7066,96,2.67,1.29,91,2.53,1.25,98,2.72,1.39,0.4,0.3,0.45,0.53,0.01,109.33
37,118,177,10796,100,3.12,1.68,97,3.03,1.64,102,3.19,1.65,0.43,0.34,0.34,0.41,0.01,132.03
38,84,105,6645,81,3.0,1.41,80,2.96,1.51,83,3.07,1.52,0.39,0.29,0.35,0.41,0.02,128.99
39,132,187,19084,125,3.29,1.51,122,3.21,1.71,132,3.47,1.66,0.43,0.34,0.33,0.39,0.01,118.33
40,136,176,18125,128,2.98,1.06,125,2.91,1.11,134,3.12,1.12,0.42,0.32,0.32,0.38,0.01,121.4
41,102,131,8119,96,2.74,1.17,92,2.63,1.09,100,2.86,1.31,0.36,0.27,0.36,0.42,0.04,114.02
42,116,156,10603,100,3.12,1.43,99,3.09,1.44,103,3.22,1.5,0.48,0.36,0.32,0.38,0.19,146.45
43,134,169,14263,114,3.56,1.58,110,3.44,1.48,118,3.69,1.73,0.51,0.38,0.27,0.33,0.12,143.43
44,129,170,10226,119,2.9,1.41,115,2.8,1.44,124,3.02,1.56,0.38,0.28,0.35,0.41,0.66,109.9
45,135,171,11437,127,2.76,1.4,123,2.67,1.33,133,2.89,1.46,0.34,0.25,0.4,0.45,0.03,109.79
46,78,92,5782,73,2.52,1.43,72,2.48,1.4,76,2.62,1.52,0.33,0.26,0.48,0.53,0.01,98.44
47,109,168,19379,105,2.84,1.07,99,2.68,1.13,108,2.92,1.14,0.36,0.28,0.35,0.39,0.05,112.07
48,132,161,8929,97,4.04,1.37,92,3.83,1.58,102,4.25,1.59,0.55,0.44,0.26,0.33,0.22,148.22
49,206,263,23700,135,3.46,1.54,139,3.56,1.54,146,3.74,1.7,0.58,0.46,0.24,0.3,0.01,163.7
50,133,151,8152,97,3.13,1.12,95,3.06,1.06,99,3.19,1.14,0.57,0.45,0.27,0.36,0.0,162.07
51,109,137,8185,104,3.06,1.74,103,3.03,1.73,108,3.18,1.85,0.4,0.3,0.31,0.38,0.01,134.44
52,156,181,10263,124,3.44,1.27,121,3.36,1.25,128,3.56,1.38,0.54,0.42,0.26,0.33,0.02,153.19
53,118,145,8695,110,3.06,1.15,106,2.94,1.09,116,3.22,1.27,0.44,0.32,0.31,0.39,0.0,127.8
54,140,254,39279,131,3.45,1.35,130,3.42,1.54,137,3.61,1.46,0.53,0.43,0.33,0.38,0.03,143.19
55,117,180,19493,105,3.09,1.36,107,3.15,1.52,113,3.32,1.7,0.48,0.37,0.34,0.4,0.06,140.64
56,122,150,9199,108,3.18,1.53,111,3.26,1.75,119,3.5,1.8,0.42,0.31,0.35,0.41,0.01,146.93
57,119,145,8474,107,3.15,1.5,105,3.09,1.54,114,3.35,1.76,0.42,0.31,0.38,0.46,0.01,129.14
58,116,146,9910,111,2.78,1.25,107,2.68,1.12,115,2.88,1.3,0.4,0.32,0.37,0.44,0.13,117.23
59,84,116,12293,81,2.45,1.37,74,2.24,1.2,83,2.52,1.46,0.26,0.19,0.41,0.45,0.08,96.54
60,133,183,12952,127,2.82,1.15,118,2.62,1.25,132,2.93,1.29,0.37,0.29,0.34,0.39,0.06,112.21
61,103,145,10089,101,2.97,1.29,99,2.91,1.36,103,3.03,1.34,0.44,0.34,0.35,0.41,0.1,115.27
62,123,168,29500,117,3.16,1.3,119,3.22,1.44,118,3.19,1.33,0.42,0.29,0.28,0.33,0.33,130.72
63,139,197,13827,131,2.67,1.16,129,2.63,1.13,136,2.78,1.26,0.38,0.27,0.37,0.43,0.25,120.02
64,102,135,9215,98,2.8,1.45,100,2.86,1.5,102,2.91,1.5,0.4,0.31,0.33,0.38,0.01,116.29
65,108,150,10397,104,3.15,1.56,100,3.03,1.51,108,3.27,1.64,0.35,0.28,0.32,0.36,0.04,117.89
66,98,133,7932,87,2.9,1.32,86,2.87,1.17,90,3.0,1.41,0.44,0.33,0.32,0.39,1.3,136.71
67,101,136,8573,97,2.94,1.27,92,2.79,1.17,98,2.97,1.29,0.4,0.29,0.33,0.39,0.01,126.93
68,149,253,31196,143,3.49,1.38,135,3.29,1.15,148,3.61,1.41,0.47,0.35,0.27,0.31,0.11,136.97
69,146,191,11375,138,3.37,1.51,129,3.15,1.54,143,3.49,1.68,0.41,0.31,0.31,0.38,0.01,137.3
70,126,170,14928,118,3.58,1.35,113,3.42,1.3,120,3.64,1.41,0.47,0.35,0.25,0.3,0.11,135.86
71,112,153,9733,109,2.95,1.29,107,2.89,1.29,110,2.97,1.36,0.38,0.28,0.29,0.35,0.02,134.21
72,100,124,8396,91,3.5,1.24,89,3.42,1.33,94,3.62,1.27,0.47,0.36,0.26,0.32,0.1,155.43
73,100,129,8483,92,3.29,1.36,91,3.25,1.53,95,3.39,1.42,0.44,0.35,0.28,0.33,0.01,140.74
74,115,153,9297,101,3.48,1.5,103,3.55,2.01,103,3.55,1.5,0.46,0.34,0.27,0.33,0.03,154.96
75,158,216,14879,142,3.74,1.39,140,3.68,1.3,148,3.89,1.45,0.51,0.4,0.26,0.32,0.08,147.58
76,124,201,20574,108,3.6,1.71,113,3.77,1.63,117,3.9,1.77,0.49,0.37,0.27,0.32,2.13,131.9
77,169,219,13032,139,4.21,1.47,139,4.21,1.6,144,4.36,1.56,0.59,0.48,0.22,0.28,0.04,163.87
78,170,221,12987,156,3.55,1.58,152,3.45,1.61,161,3.66,1.68,0.48,0.36,0.26,0.33,0.08,149.76
79,87,109,6393,81,3.12,1.51,79,3.04,1.4,82,3.15,1.49,0.43,0.32,0.3,0.36,0.0,135.3
80,117,155,9172,106,3.21,1.49,108,3.27,1.63,115,3.48,1.77,0.43,0.33,0.29,0.35,0.54,132.53
81,72,111,8428,71,2.54,1.07,67,2.39,1.2,72,2.57,1.17,0.32,0.22,0.37,0.41,1.85,120.74
82,100,131,8425,95,2.88,1.05,94,2.85,1.09,98,2.97,1.07,0.4,0.29,0.31,0.38,0.01,130.84
83,119,150,9778,108,3.38,0.87,110,3.44,1.19,116,3.62,1.18,0.48,0.38,0.26,0.32,0.0,142.95
84,162,246,23921,147,2.77,1.31,140,2.64,1.32,154,2.91,1.5,0.34,0.25,0.34,0.38,0.01,123.24
85,98,119,6452,75,3.41,1.37,74,3.36,1.33,76,3.45,1.44,0.62,0.48,0.22,0.3,0.02,185.28
86,138,173,9961,105,3.18,1.13,99,3.0,1.06,106,3.21,1.19,0.52,0.38,0.25,0.32,0.01,167.98
87,111,141,8056,87,3.11,0.96,86,3.07,1.09,89,3.18,0.94,0.51,0.38,0.23,0.29,0.01,164.49
88,92,113,6300,70,2.8,1.15,68,2.72,1.21,70,2.8,1.15,0.49,0.38,0.31,0.38,0.01,151.29
89,72,90,5195,49,3.06,1.39,48,3.0,1.26,51,3.19,1.33,0.53,0.4,0.22,0.28,0.0,172.49
90,69,95,5862,57,2.48,1.08,60,2.61,1.23,61,2.65,1.23,0.4,0.3,0.32,0.38,0.82,136.61
91,88,178,34776,79,3.43,1.27,76,3.3,1.26,84,3.65,1.4,0.48,0.38,0.29,0.31,0.01,146.42
92,101,174,9569,91,2.94,1.46,88,2.84,1.49,94,3.03,1.52,0.47,0.37,0.3,0.36,1.55,137.87
93,71,130,11954,59,3.11,1.49,63,3.32,1.83,62,3.26,1.56,0.52,0.42,0.23,0.26,2.06,153.47
94,87,166,9231,78,3.25,1.11,77,3.21,1.22,80,3.33,1.24,0.55,0.44,0.21,0.26,2.29,141.67
95,157,249,13475,138,3.54,1.55,143,3.67,1.9,141,3.62,1.62,0.56,0.45,0.22,0.28,1.41,147.97
96,91,159,8285,81,3.24,1.16,83,3.32,1.28,82,3.28,1.17,0.6,0.47,0.21,0.28,2.02,164.25
97,75,131,11906,65,3.25,1.25,64,3.2,1.28,66,3.3,1.3,0.56,0.43,0.22,0.28,2.07,156.87
98,72,111,6327,65,2.83,1.03,68,2.96,1.02,70,3.04,1.19,0.51,0.4,0.26,0.32,1.09,127.42
99,81,125,7268,71,2.84,1.31,71,2.84,1.37,74,2.96,1.34,0.44,0.34,0.27,0.33,0.66,133.88
100,109,156,9541,102,3.09,1.57,97,2.94,1.64,105,3.18,1.72,0.4,0.31,0.31,0.37,0.36,137.07
101,71,103,6504,64,2.46,1.03,63,2.42,1.14,67,2.58,1.17,0.32,0.24,0.34,0.39,0.29,135.84
102,137,174,9244,93,3.21,1.01,118,4.07,1.69,112,3.86,1.51,0.59,0.48,0.21,0.28,0.32,173.11
103,135,371,209804,79,3.76,1.58,110,5.24,2.0,107,5.1,1.89,0.71,0.58,0.14,0.19,0.97,198.25
104,78,96,4889,48,3.2,1.21,63,4.2,1.7,59,3.93,1.53,0.68,0.57,0.19,0.26,0.5,192.91
105,149,186,10577,121,3.56,1.4,129,3.79,1.49,129,3.79,1.45,0.53,0.42,0.24,0.31,0.02,159.34
106,59,82,5265,56,2.8,1.15,55,2.75,1.41,58,2.9,1.33,0.33,0.24,0.32,0.36,0.01,125.0
107,113,171,9574,104,3.35,1.45,105,3.39,1.52,105,3.39,1.52,0.5,0.39,0.25,0.31,0.61,151.48
108,80,161,13564,71,2.84,1.28,71,2.84,1.21,74,2.96,1.24,0.52,0.4,0.23,0.28,2.47,149.19
109,135,238,12670,121,3.18,1.57,125,3.29,1.77,127,3.34,1.77,0.55,0.44,0.24,0.31,2.26,153.19
110,165,216,12397,143,3.86,1.36,156,4.22,1.55,150,4.05,1.51,0.56,0.44,0.22,0.29,0.28,160.7
111,134,174,11108,117,3.25,1.18,117,3.25,1.27,119,3.31,1.17,0.43,0.32,0.27,0.31,0.01,143.12
112,89,150,16746,74,2.96,1.31,73,2.92,1.29,74,2.96,1.31,0.51,0.39,0.26,0.3,0.48,154.53
113,152,278,15009,136,3.58,1.73,127,3.34,1.73,137,3.61,1.75,0.56,0.44,0.21,0.27,2.51,148.58
114,84,185,10853,80,2.58,1.36,77,2.48,1.41,80,2.58,1.36,0.5,0.38,0.24,0.29,3.3,130.27
115,65,103,6833,63,2.33,1.3,59,2.19,1.14,65,2.41,1.31,0.27,0.19,0.35,0.38,0.23,98.29
116,60,84,5615,56,2.15,1.01,51,1.96,0.92,57,2.19,1.02,0.22,0.16,0.42,0.46,0.0,93.72
117,69,95,5904,68,2.52,1.31,69,2.56,1.4,68,2.52,1.31,0.3,0.23,0.35,0.4,0.39,103.69
118,77,119,8234,72,2.4,1.35,71,2.37,1.35,74,2.47,1.38,0.3,0.24,0.38,0.42,0.03,105.96
119,88,137,13731,83,2.52,1.0,82,2.48,0.94,84,2.55,1.09,0.41,0.3,0.34,0.41,0.06,136.97
120,63,81,4949,60,2.73,0.98,61,2.77,1.07,62,2.82,1.05,0.38,0.28,0.33,0.39,0.0,122.68
121,55,79,5096,54,2.16,1.21,52,2.08,1.15,54,2.16,1.21,0.26,0.2,0.4,0.44,0.01,80.95
122,75,105,6711,72,2.48,1.12,69,2.38,1.12,75,2.59,1.05,0.32,0.23,0.35,0.4,0.03,105.04
123,123,180,11663,120,2.73,1.56,103,2.34,1.22,121,2.75,1.63,0.29,0.21,0.37,0.42,0.06,109.83
124,76,115,7791,67,2.03,1.13,73,2.21,1.54,73,2.21,1.29,0.26,0.18,0.4,0.43,0.14,96.67
125,90,119,6929,73,2.61,1.23,72,2.57,1.23,75,2.68,1.22,0.4,0.31,0.33,0.39,0.13,129.77
126,68,84,4870,56,2.67,1.06,55,2.62,0.97,56,2.67,1.06,0.45,0.34,0.32,0.39,0.0,141.42
127,75,94,5788,52,2.48,0.75,51,2.43,0.75,54,2.57,0.93,0.47,0.33,0.29,0.36,0.0,167.98
128,98,125,7121,76,2.92,1.32,73,2.81,1.36,77,2.96,1.31,0.43,0.32,0.28,0.35,0.0,150.73
129,34,55,3776,34,1.79,0.85,31,1.63,0.6,34,1.79,0.85,0.18,0.12,0.44,0.47,0.0,100.38
130,72,93,5598,66,2.75,1.48,64,2.67,1.31,68,2.83,1.49,0.39,0.28,0.34,0.41,0.0,124.44
131,104,147,9715,94,2.41,1.14,90,2.31,1.2,101,2.59,1.31,0.28,0.2,0.38,0.43,0.02,109.15
132,107,154,9954,104,2.67,1.13,95,2.44,0.99,106,2.72,1.15,0.31,0.22,0.34,0.4,0.01,102.68
133,58,139,25882,55,1.72,0.89,49,1.53,0.8,55,1.72,0.89,0.17,0.14,0.46,0.48,0.01,76.8
134,79,120,7792,73,2.15,1.05,73,2.15,1.05,78,2.29,1.17,0.26,0.19,0.41,0.45,0.13,94.53
135,42,62,4044,42,2.0,0.95,41,1.95,0.86,42,2.0,0.95,0.24,0.17,0.38,0.43,0.0,103.96
136,75,101,6290,70,2.69,1.23,67,2.58,1.33,72,2.77,1.31,0.36,0.27,0.33,0.39,0.01,111.87
137,72,99,6167,67,2.31,1.17,69,2.38,1.37,72,2.48,1.38,0.3,0.22,0.38,0.44,0.0,120.16
138,106,161,12167,102,2.76,1.42,93,2.51,1.28,104,2.81,1.47,0.29,0.21,0.36,0.4,0.01,98.02
139,102,147,10230,94,2.69,1.53,84,2.4,1.52,99,2.83,1.71,0.26,0.18,0.35,0.38,0.33,99.68
140,95,166,11154,91,2.39,1.1,88,2.32,1.14,95,2.5,1.22,0.3,0.22,0.38,0.43,0.02,123.94
141,88,127,12934,86,2.26,1.13,86,2.26,1.2,88,2.32,1.19,0.26,0.18,0.36,0.4,0.05,107.75
142,60,76,5432,58,3.22,1.56,59,3.28,1.64,59,3.28,1.64,0.46,0.35,0.27,0.32,0.01,144.9
143,55,78,5015,54,2.16,0.99,52,2.08,0.95,54,2.16,0.99,0.23,0.17,0.39,0.44,0.0,105.36
144,75,105,6621,73,2.52,1.21,69,2.38,1.12,74,2.55,1.18,0.32,0.23,0.38,0.44,0.03,108.12
145,39,56,3609,38,2.11,1.28,38,2.11,1.28,39,2.17,1.29,0.27,0.19,0.4,0.45,0.0,104.08
146,44,65,4289,43,2.05,0.8,43,2.05,0.8,44,2.1,0.83,0.25,0.17,0.36,0.4,0.0,111.36
147,76,104,6490,72,2.4,1.28,71,2.37,1.19,74,2.47,1.31,0.32,0.23,0.35,0.41,0.01,124.14
148,61,92,6121,59,2.36,1.38,51,2.04,1.1,61,2.44,1.42,0.19,0.13,0.41,0.45,0.0,104.1
149,80,107,7074,77,2.33,1.19,76,2.3,1.19,78,2.36,1.32,0.32,0.23,0.38,0.44,0.0,116.88
150,107,152,9548,101,2.66,1.19,99,2.61,1.22,105,2.76,1.28,0.34,0.24,0.32,0.37,0.04,122.76
151,70,117,12508,66,2.36,1.81,64,2.29,1.78,68,2.43,1.77,0.25,0.18,0.37,0.4,2.08,102.06
152,79,108,6811,75,2.42,1.36,76,2.45,1.41,78,2.52,1.41,0.31,0.23,0.38,0.42,0.03,121.18
153,74,108,6902,72,2.77,1.27,65,2.5,1.24,73,2.81,1.27,0.34,0.25,0.34,0.38,0.04,115.51
154,65,92,6888,62,2.3,0.95,63,2.33,1.18,63,2.33,1.04,0.29,0.23,0.35,0.38,0.0,114.67
155,60,89,5967,59,2.11,1.2,55,1.96,1.14,60,2.14,1.24,0.2,0.14,0.41,0.45,0.0,98.09
156,80,154,9813,64,2.46,1.24,70,2.69,1.49,71,2.73,1.4,0.39,0.31,0.33,0.37,0.05,118.77
157,78,112,7188,73,2.03,1.03,75,2.08,1.11,77,2.14,1.1,0.27,0.2,0.41,0.46,0.06,110.33
158,70,97,7744,70,3.04,1.22,62,2.7,1.18,70,3.04,1.22,0.33,0.23,0.33,0.37,0.01,117.78
159,98,128,7823,92,2.79,1.29,90,2.73,1.18,94,2.85,1.35,0.36,0.27,0.32,0.37,0.0,114.45
160,96,134,8536,92,2.56,1.44,91,2.53,1.36,95,2.64,1.55,0.29,0.21,0.35,0.4,0.01,107.61
161,75,278,205521,73,2.28,1.14,70,2.19,1.12,75,2.34,1.21,0.32,0.25,0.38,0.42,0.48,107.9
162,76,113,7626,73,2.09,0.89,67,1.91,0.85,75,2.14,0.97,0.19,0.13,0.45,0.49,0.0,99.39
163,74,291,199187,69,2.38,1.15,69,2.38,1.21,74,2.55,1.33,0.33,0.25,0.36,0.4,0.01,115.12
164,79,109,7094,75,2.78,1.6,72,2.67,1.52,79,2.93,1.69,0.32,0.23,0.36,0.4,0.06,114.06
165,85,114,7664,70,2.69,0.97,72,2.77,1.14,74,2.85,1.05,0.33,0.25,0.31,0.35,0.01,134.94
166,130,154,8425,84,3.36,0.95,99,3.96,1.06,87,3.48,1.05,0.64,0.52,0.21,0.28,0.01,185.2
167,87,106,5979,53,2.79,0.85,61,3.21,1.18,54,2.84,0.9,0.6,0.49,0.2,0.26,0.04,175.17
168,91,113,6504,64,2.46,1.3,75,2.88,1.75,68,2.62,1.53,0.42,0.34,0.34,0.39,0.01,145.09
169,69,98,6269,59,2.19,1.21,63,2.33,1.44,63,2.33,1.3,0.29,0.22,0.34,0.38,0.01,119.8
170,85,137,17644,84,2.8,1.1,81,2.7,1.18,85,2.83,1.15,0.38,0.29,0.34,0.37,0.02,111.93
171,89,127,8910,85,2.58,1.41,81,2.45,1.33,89,2.7,1.38,0.3,0.21,0.35,0.39,0.0,113.85
172,120,157,9566,104,2.67,1.36,113,2.9,1.39,113,2.9,1.39,0.39,0.31,0.31,0.37,0.0,124.77
173,164,188,10059,73,2.81,0.8,119,4.58,1.33,96,3.69,1.19,0.67,0.55,0.17,0.24,0.0,199.94
174,75,93,5427,56,2.55,1.14,68,3.09,1.51,64,2.91,1.41,0.46,0.37,0.29,0.35,0.0,138.1
175,82,107,6925,75,2.78,1.22,73,2.7,1.27,79,2.93,1.38,0.31,0.22,0.36,0.4,0.0,126.93
176,69,126,16759,63,2.17,1.1,63,2.17,1.17,68,2.34,1.23,0.32,0.26,0.44,0.47,0.0,95.36
177,78,111,7101,72,2.25,1.02,74,2.31,1.12,78,2.44,1.11,0.3,0.22,0.35,0.41,0.58,122.47
178,111,146,9256,106,3.03,1.29,98,2.8,1.32,111,3.17,1.36,0.37,0.27,0.34,0.39,0.0,127.88
179,97,133,8548,85,2.83,1.23,88,2.93,1.6,96,3.2,1.52,0.33,0.25,0.33,0.37,0.0,120.39
180,63,264,197154,55,2.62,1.12,60,2.86,1.06,63,3.0,1.18,0.44,0.35,0.29,0.33,0.59,130.77
181,58,80,5165,51,2.68,1.0,49,2.58,1.12,53,2.79,0.98,0.35,0.26,0.32,0.37,0.0,109.74
182,69,93,5757,57,2.59,1.18,61,2.77,1.51,58,2.64,1.26,0.36,0.28,0.31,0.35,0.0,96.36
183,62,80,4877,49,2.88,1.45,50,2.94,1.56,50,2.94,1.48,0.39,0.3,0.27,0.32,0.0,131.67
184,119,157,9209,91,2.6,1.06,95,2.71,1.07,97,2.77,1.11,0.42,0.31,0.27,0.33,0.0,148.45
185,129,174,10509,108,2.51,1.05,120,2.79,1.21,120,2.79,1.15,0.36,0.26,0.29,0.34,0.0,145.63
186,84,114,6875,71,2.63,1.28,75,2.78,1.42,78,2.89,1.37,0.37,0.27,0.3,0.35,0.0,138.17
187,137,185,12202,119,2.98,1.42,128,3.2,1.88,130,3.25,1.55,0.38,0.29,0.29,0.33,0.02,134.03
188,116,229,53948,108,2.92,1.32,109,2.95,1.39,114,3.08,1.46,0.37,0.29,0.3,0.34,0.01,128.04
189,69,97,6275,64,2.56,1.47,66,2.64,1.44,69,2.76,1.64,0.3,0.22,0.33,0.37,0.0,116.64
190,59,105,7316,53,2.12,0.93,56,2.24,1.01,58,2.32,0.95,0.29,0.21,0.33,0.37,0.36,119.48
191,104,142,9422,98,2.88,1.43,99,2.91,1.36,102,3.0,1.5,0.38,0.26,0.29,0.34,0.0,140.28
192,83,127,8786,75,2.34,1.07,74,2.31,0.97,83,2.59,0.98,0.27,0.19,0.33,0.37,0.08,118.16
193,69,98,7071,67,2.58,1.1,66,2.54,1.14,69,2.65,1.13,0.31,0.21,0.32,0.35,0.01,122.27
194,181,261,16365,154,3.5,1.78,156,3.55,1.69,168,3.82,1.92,0.46,0.36,0.3,0.36,0.52,142.7
195,123,197,12702,112,2.8,1.22,113,2.82,1.22,121,3.02,1.29,0.38,0.29,0.32,0.37,0.6,124.8
196,127,186,13427,120,2.55,1.4,115,2.45,1.36,125,2.66,1.4,0.27,0.19,0.34,0.37,0.0,113.16
197,72,112,8021,70,2.19,1.09,65,2.03,1.0,72,2.25,1.16,0.21,0.16,0.38,0.4,0.03,90.77
198,106,142,9337,101,3.26,1.44,102,3.29,1.42,106,3.42,1.52,0.39,0.29,0.27,0.31,0.02,139.35
199,93,129,8557,82,2.48,1.09,90,2.73,1.23,93,2.82,1.21,0.33,0.25,0.31,0.35,0.0,113.51
200,116,152,9153,91,3.14,1.13,104,3.59,1.59,109,3.76,1.57,0.49,0.37,0.25,0.31,0.13,159.83
201,149,191,11253,116,3.05,1.27,129,3.39,1.65,133,3.5,1.69,0.44,0.33,0.26,0.32,0.0,145.14
202,123,253,54232,118,2.88,1.36,117,2.85,1.3,123,3.0,1.36,0.35,0.27,0.32,0.35,0.01,121.39
203,116,349,207409,110,2.82,1.43,107,2.74,1.45,114,2.92,1.46,0.34,0.26,0.32,0.35,0.2,106.45
204,93,136,9722,85,2.5,1.16,89,2.62,1.18,93,2.74,1.26,0.36,0.27,0.31,0.34,0.06,117.02
205,89,315,205191,85,2.5,1.29,83,2.44,1.37,87,2.56,1.42,0.29,0.22,0.34,0.37,0.0,117.54
206,84,127,8825,72,2.18,1.04,74,2.24,1.28,83,2.52,1.33,0.22,0.15,0.37,0.39,0.0,117.4
207,186,273,22065,168,2.85,1.05,163,2.76,1.04,179,3.03,1.07,0.39,0.28,0.29,0.34,0.12,134.9
208,174,251,16763,149,2.76,1.16,144,2.67,1.18,162,3.0,1.23,0.33,0.23,0.31,0.36,0.06,133.74
209,128,201,13861,114,2.38,1.25,114,2.38,1.2,123,2.56,1.34,0.28,0.21,0.36,0.4,0.01,116.21
210,112,160,10274,105,2.5,1.09,106,2.52,1.21,112,2.67,1.22,0.32,0.24,0.32,0.37,0.0,123.36
211,123,175,12992,111,3.0,1.65,112,3.03,1.5,120,3.24,1.77,0.35,0.25,0.3,0.33,0.11,126.52
212,123,168,10847,120,3.08,1.31,118,3.03,1.33,123,3.15,1.35,0.39,0.28,0.27,0.32,0.13,121.68
213,126,167,11146,116,2.64,1.28,118,2.68,1.46,126,2.86,1.41,0.34,0.25,0.35,0.4,0.0,119.38
214,97,139,9208,93,2.38,1.14,90,2.31,1.1,96,2.46,1.14,0.29,0.22,0.41,0.46,0.3,110.38
215,134,214,13864,123,2.73,1.37,121,2.69,1.38,133,2.96,1.54,0.37,0.29,0.38,0.44,0.05,119.37
216,167,242,22517,147,2.88,1.26,155,3.04,1.34,165,3.24,1.37,0.43,0.33,0.3,0.36,0.39,127.43
217,85,120,7293,77,2.75,1.6,80,2.86,1.46,85,3.04,1.62,0.42,0.33,0.31,0.37,0.54,121.62
218,113,339,206416,100,2.63,1.15,101,2.66,1.3,111,2.92,1.3,0.38,0.29,0.36,0.41,0.25,124.52
219,105,150,9495,97,2.55,1.03,95,2.5,1.06,104,2.74,1.2,0.34,0.25,0.32,0.38,0.6,125.32
220,118,159,10595,108,2.63,1.58,106,2.59,1.55,118,2.88,1.69,0.3,0.23,0.39,0.43,0.04,109.78
221,105,137,13327,96,2.82,1.22,100,2.94,1.32,105,3.09,1.29,0.38,0.29,0.3,0.35,0.05,126.32
222,135,197,20456,129,2.74,1.33,131,2.79,1.4,134,2.85,1.32,0.37,0.29,0.37,0.41,0.32,118.09
223,150,222,14864,135,2.65,1.32,134,2.63,1.36,148,2.9,1.43,0.33,0.25,0.37,0.4,1.31,109.49
224,81,134,8308,76,2.38,1.36,76,2.38,1.39,80,2.5,1.48,0.32,0.24,0.39,0.44,0.02,113.38
225,24,46,3885,23,2.09,1.3,23,2.09,1.38,24,2.18,1.4,0.3,0.24,0.43,0.47,0.34,111.9
242,39,65,4144,33,3.0,1.73,35,3.18,1.72,39,3.55,2.02,0.41,0.32,0.42,0.49,0.08,137.92
243,81,110,12009,73,2.43,0.94,78,2.6,1.19,81,2.7,1.15,0.31,0.22,0.36,0.4,0.08,131.4
244,122,173,18239,73,2.52,1.06,81,2.79,1.5,85,2.93,1.41,0.37,0.29,0.4,0.43,0.0,121.25
245,87,121,7891,82,2.56,1.08,75,2.34,1.04,84,2.62,1.13,0.28,0.21,0.37,0.42,0.02,117.22
246,31,43,2848,31,2.07,0.96,31,2.07,0.96,31,2.07,0.96,0.26,0.18,0.41,0.45,0.0,117.13
247,49,112,12140,43,2.39,0.78,48,2.67,0.97,48,2.67,1.03,0.41,0.29,0.36,0.42,0.35,133.61
248,37,48,3028,33,2.36,1.22,34,2.43,1.4,36,2.57,1.4,0.34,0.26,0.35,0.41,0.08,110.2
249,69,92,5899,61,2.65,1.61,63,2.74,1.63,69,3.0,1.76,0.35,0.27,0.36,0.4,0.01,111.37
250,81,119,7411,73,2.43,1.38,76,2.53,1.31,81,2.7,1.51,0.34,0.25,0.36,0.42,0.38,123.83
251,91,120,7486,81,2.89,1.17,83,2.96,1.2,90,3.21,1.23,0.42,0.31,0.3,0.36,0.01,137.17
252,73,95,6243,67,2.48,1.19,70,2.59,1.37,73,2.7,1.46,0.36,0.26,0.37,0.43,0.01,135.49
253,29,37,2296,26,2.36,0.5,28,2.55,0.69,27,2.45,0.52,0.42,0.3,0.32,0.39,0.0,149.06
254,29,38,2436,27,2.08,1.26,28,2.15,1.14,29,2.23,1.24,0.3,0.23,0.45,0.5,0.0,117.56
255,115,188,11676,100,2.94,1.23,109,3.21,1.59,112,3.29,1.53,0.47,0.37,0.34,0.41,0.0,155.53
256,64,80,4711,55,2.62,1.24,63,3.0,1.61,64,3.05,1.63,0.39,0.31,0.36,0.42,0.01,145.58
257,86,114,12284,77,2.57,1.38,83,2.77,1.57,86,2.87,1.59,0.33,0.24,0.36,0.4,0.06,124.87
258,107,133,8302,95,2.97,1.31,99,3.09,1.35,104,3.25,1.63,0.44,0.35,0.32,0.38,0.0,129.46
259,82,153,16475,74,2.64,1.39,77,2.75,1.35,82,2.93,1.44,0.38,0.31,0.33,0.37,5.31,128.51
260,78,138,17271,66,2.44,1.5,69,2.56,1.58,77,2.85,1.66,0.3,0.24,0.42,0.44,0.4,101.62
261,112,141,8315,99,2.68,1.18,107,2.89,1.33,112,3.03,1.38,0.45,0.34,0.35,0.43,0.14,142.48
262,89,114,7185,77,2.41,1.27,81,2.53,1.41,87,2.72,1.44,0.32,0.24,0.41,0.45,0.0,124.35
263,86,109,6534,69,2.65,1.09,76,2.92,1.26,77,2.96,1.25,0.44,0.34,0.33,0.39,0.01,145.54
264,121,140,8004,93,3.0,1.34,106,3.42,1.69,106,3.42,1.57,0.51,0.41,0.31,0.38,0.0,154.89
265,80,111,8094,69,2.46,1.26,74,2.64,1.39,79,2.82,1.44,0.36,0.28,0.34,0.38,0.49,119.92
266,69,114,15175,62,2.7,1.64,66,2.87,1.89,68,2.96,1.89,0.34,0.27,0.42,0.45,0.01,121.51
267,60,77,4775,57,2.48,1.04,58,2.52,1.04,59,2.57,1.04,0.39,0.29,0.36,0.43,0.07,134.5
268,72,104,7551,67,2.58,1.17,66,2.54,1.1,72,2.77,1.21,0.39,0.3,0.37,0.43,0.02,120.41
269,79,102,6352,70,2.41,1.02,77,2.66,1.01,79,2.72,1.03,0.41,0.32,0.32,0.38,0.01,138.09
270,96,121,8479,85,2.36,0.96,90,2.5,1.08,95,2.64,1.17,0.38,0.29,0.38,0.43,0.0,116.35
271,64,87,5806,61,2.65,1.7,61,2.65,1.64,64,2.78,1.76,0.28,0.21,0.37,0.4,0.1,118.8
272,106,128,7144,71,3.23,1.19,79,3.59,1.4,73,3.32,1.25,0.59,0.47,0.23,0.3,0.03,178.52
273,66,83,4977,51,2.55,1.23,60,3.0,1.34,56,2.8,1.2,0.46,0.36,0.32,0.37,0.01,147.13
274,78,98,5870,72,2.88,1.51,70,2.8,1.41,73,2.92,1.47,0.4,0.3,0.36,0.42,0.0,131.38
275,90,117,7933,77,2.66,1.42,83,2.86,1.57,86,2.97,1.59,0.37,0.29,0.32,0.36,0.0,125.69
276,136,178,11487,113,3.23,1.66,115,3.29,1.71,133,3.8,1.76,0.42,0.33,0.29,0.34,0.08,127.34
277,96,127,7980,85,2.58,1.03,91,2.76,1.15,96,2.91,1.16,0.41,0.31,0.32,0.38,1.05,130.81
278,90,333,212850,77,2.75,1.17,81,2.89,1.52,89,3.18,1.42,0.42,0.33,0.34,0.38,0.0,135.52
279,103,129,8272,96,3.0,1.24,98,3.06,1.32,103,3.22,1.41,0.41,0.32,0.3,0.35,0.0,117.93
